GoogleChromeLabs/squoosh,ec29c8b8cc068b21aa0af7930a347b92d1fc9f10,squoosh,1.9.0,3.5.3,1581014256,80,0,0,0,0,0,0,0,0,0,0,0,0,0
GoogleChromeLabs/squoosh,57982e95c1a1710fb39574eb0abffcf7ff8cc138,squoosh,1.9.0,3.5.3,1581026393,80,0,0,0,0,0,0,0,0,0,0,0,0,0
GoogleChromeLabs/squoosh,7a4076156a253e501e988c673a7c46c2c7907c72,squoosh,1.9.0,3.5.3,1581028287,84,0,0,0,0,0,0,0,0,0,0,0,0,0
GoogleChromeLabs/squoosh,c659018550a884ff00cac04d3ef2ee4d46d8820b,squoosh,1.9.0,3.5.3,1581032534,85,0,0,0,0,0,0,0,0,0,0,0,0,0
GoogleChromeLabs/squoosh,30bafab263e54f164eb1c050b7e7bc92850765b8,squoosh,1.9.0,3.5.3,1581033518,85,0,0,0,0,0,0,0,0,0,0,0,0,0
GoogleChromeLabs/squoosh,810856eb0aba443a5861fa0e5dafc23334d98aff,squoosh,1.9.0,3.5.3,1581035857,85,0,0,0,0,0,0,0,0,0,0,0,0,0
GoogleChromeLabs/squoosh,b9b4a696c143e2e799595d8437d7f27b00114d31,squoosh,1.9.0,3.5.3,1581037307,85,0,0,0,0,0,0,0,0,0,0,0,0,0
GoogleChromeLabs/squoosh,9a838f1d553917b3ed2bb6ed396a432626899b9d,squoosh,1.9.0,3.5.3,1581493749,79,0,0,0,0,0,0,0,0,0,0,0,0,0
GoogleChromeLabs/squoosh,d60d0ae47d08e4ec323f6b5dd7f5a59fcc1d7963,squoosh,1.9.0,3.5.3,1582649607,79,0,0,0,0,0,0,0,0,0,0,0,0,0
GoogleChromeLabs/squoosh,fce61c8c89e082502c4afaa34053c8f143444158,squoosh,1.9.0,3.5.3,1582650856,79,0,0,0,0,0,0,0,0,0,0,0,0,0
GoogleChromeLabs/squoosh,a056d1c36379c5b118b5da5f7eb10fd1ca0d10ce,squoosh,1.9.0,3.5.3,1582654805,79,0,0,0,0,0,0,0,0,0,0,0,0,0
GoogleChromeLabs/squoosh,570e604be024a0df9d85c5f46f10487c7e57a076,squoosh,1.9.0,3.5.3,1582656347,79,0,0,0,0,0,0,0,0,0,0,0,0,0
GoogleChromeLabs/squoosh,7638bb795e55228b571f08ce17d2fe8365f682e8,squoosh,1.9.0,3.5.3,1582802362,79,0,0,0,0,0,0,0,0,0,0,0,0,0
GoogleChromeLabs/squoosh,650db99818d6108dfed1689f606fd6c656d8fc80,squoosh,1.9.0,3.5.3,1582803452,79,0,0,0,0,0,0,0,0,0,0,0,0,0
GoogleChromeLabs/squoosh,1b7d3fa394d63c6201e7d85b6dcede8bc058394d,squoosh,1.9.1,3.5.3,1582803473,79,0,0,0,0,0,0,0,0,0,0,0,0,0
GoogleChromeLabs/squoosh,e8f4e82cf806fd0598fac31a190b25ebf813e9e5,squoosh,1.9.1,3.5.3,1582821747,79,0,0,0,0,0,0,0,0,0,0,0,0,0
GoogleChromeLabs/squoosh,48c06e86fa3a055ded54746579534f8f2d0e04c4,squoosh,1.9.1,3.5.3,1582823803,79,0,0,0,0,0,0,0,0,0,0,0,0,0
GoogleChromeLabs/squoosh,71b3c7dda2940e6c1eeaead632bab4149c6c72fc,squoosh,1.9.1,3.5.3,1582824997,79,0,0,0,0,0,0,0,0,0,0,0,0,0
GoogleChromeLabs/squoosh,6aeaae6160ff96642e0b0007c160e35d36dc7d1e,squoosh,1.9.1,3.5.3,1582825468,79,0,0,0,0,0,0,0,0,0,0,0,0,0
GoogleChromeLabs/squoosh,309947a08f8f5858286e0c94d458e6819aa6b113,squoosh,1.9.1,3.5.3,1582825546,79,0,0,0,0,0,0,0,0,0,0,0,0,0
GoogleChromeLabs/squoosh,bc1bf8542c6bf729b561698e237a0efd3302b6c9,squoosh,1.9.1,3.5.3,1582918567,79,0,0,0,0,0,0,0,0,0,0,0,0,0
GoogleChromeLabs/squoosh,d7fb0d9b4066b65a6fae6bcc95461312db389560,squoosh,1.9.1,3.5.3,1582923831,79,0,0,0,0,0,0,0,0,0,0,0,0,0
GoogleChromeLabs/squoosh,6b0a675469628f02e9cd5f961ea50a31fef40783,squoosh,1.9.1,3.5.3,1585757397,79,0,0,0,0,0,0,0,0,0,0,0,0,0
GoogleChromeLabs/squoosh,b22adc9957b3a511835a4614250799644f748c97,squoosh,1.9.1,3.5.3,1585757686,79,0,0,0,0,0,0,0,0,0,0,0,0,0
GoogleChromeLabs/squoosh,164191d746c7bbff32c0770c3693c905cd4b85a0,squoosh,1.9.1,3.5.3,1586418309,79,0,0,0,0,0,0,0,0,0,0,0,0,0
GoogleChromeLabs/squoosh,4621cbcae915dafaecb67bed7998b915ae3defa8,squoosh,1.9.1,3.5.3,1586437767,79,0,0,0,0,0,0,0,0,0,0,0,0,0
GoogleChromeLabs/squoosh,629d64326db39b435e6e1ac01ad7dfb5122c2449,squoosh,1.9.1,3.5.3,1586437850,80,0,0,0,0,0,0,0,0,0,0,0,0,0
GoogleChromeLabs/squoosh,92249ac711b138868899350240b0a0d1301aa084,squoosh,1.9.1,3.5.3,1586437864,80,0,0,0,0,0,0,0,0,0,0,0,0,0
GoogleChromeLabs/squoosh,5b496ad85f295bc07a2e7796cb466fea3a78f8e8,squoosh,1.9.1,3.5.3,1586462529,79,0,0,0,0,0,0,0,0,0,0,0,0,0
GoogleChromeLabs/squoosh,22b04c159dc74ecb24304427578572f6088a632d,squoosh,1.9.1,3.5.3,1586864718,80,0,0,0,0,0,0,0,0,0,0,0,0,0
GoogleChromeLabs/squoosh,a0e6a377cdeaf41947917839d69d9e882c5529b0,squoosh,1.9.1,3.5.3,1586867307,80,0,0,0,0,0,0,0,0,0,0,0,0,0
GoogleChromeLabs/squoosh,22b7e36c0116ac57da45cde9b91e464e8d0f7d1d,squoosh,1.10.0,3.5.3,1586867345,80,0,0,0,0,0,0,0,0,0,0,0,0,0
GoogleChromeLabs/squoosh,f5bc715bc08093b88be2d62ed3d24116cbbd6ebf,squoosh,1.9.1,3.5.3,1586982300,80,0,0,0,0,0,0,0,0,0,0,0,0,0
GoogleChromeLabs/squoosh,3f7274a6ac419fb6b4ade2ac6c6317012d3a8c94,squoosh,1.9.1,3.5.3,1586983089,80,0,0,0,0,0,0,0,0,0,0,0,0,0
GoogleChromeLabs/squoosh,f3dfcae3f0fbc69c8ae64a37e3be853a592fd450,squoosh,1.9.1,3.5.3,1587031875,80,0,0,0,0,0,0,0,0,0,0,0,0,0
GoogleChromeLabs/squoosh,53a38b2ba13e2a6e14e018c8e002b3b954ac12f3,squoosh,1.10.0,3.5.3,1587034354,80,0,0,0,0,0,0,0,0,0,0,0,0,0
GoogleChromeLabs/squoosh,62c53c9fed60e706d117bd739d80ff667b45ee88,squoosh,1.10.1,3.5.3,1587034379,80,0,0,0,0,0,0,0,0,0,0,0,0,0
GoogleChromeLabs/squoosh,7cd6487a28d036dfd059235b20c3922202fe4214,squoosh,1.9.1,3.5.3,1587062068,80,0,0,0,0,0,0,0,0,0,0,0,0,0
GoogleChromeLabs/squoosh,ae7782031d81f37c325d021713f5c38db18539fc,squoosh,1.9.1,3.5.3,1587064006,80,0,0,0,0,0,0,0,0,0,0,0,0,0
GoogleChromeLabs/squoosh,12153c72dc98da2ba334517708f3edf45f3e37dc,squoosh,1.10.1,3.5.3,1587064028,80,0,0,0,0,0,0,0,0,0,0,0,0,0
GoogleChromeLabs/squoosh,f4a16022efb8da80760f1b3aa21e532fbddc79a5,squoosh,1.10.2,3.5.3,1587064062,80,0,0,0,0,0,0,0,0,0,0,0,0,0
GoogleChromeLabs/squoosh,0ae99c92286b52ca5f01b997c894507721b51c38,squoosh,1.9.1,3.5.3,1587130864,80,0,0,0,0,0,0,0,0,0,0,0,0,0
GoogleChromeLabs/squoosh,eae808cb6f3a6a1f5b82144c55b492d08c7bb841,squoosh,1.9.1,3.5.3,1587386936,80,0,0,0,0,0,0,0,0,0,0,0,0,0
GoogleChromeLabs/squoosh,6f18f08a8e4749f6c591b8761b6f19d58090df13,squoosh,1.9.1,3.5.3,1587387261,80,0,0,0,0,0,0,0,0,0,0,0,0,0
GoogleChromeLabs/squoosh,ed666dd3819f1c767746d45e780c6be3c4b09fa3,squoosh,1.9.1,3.5.3,1587424888,80,0,0,0,0,0,0,0,0,0,0,0,0,0
GoogleChromeLabs/squoosh,2d73c24e0953a725393649ae40461d4759a0dc3f,squoosh,1.10.2,3.5.3,1587573250,80,0,0,0,0,0,0,0,0,0,0,0,0,0
GoogleChromeLabs/squoosh,eeb3d3562a33da2bd756542299b680f025344622,squoosh,1.10.3,3.5.3,1587573339,80,0,0,0,0,0,0,0,0,0,0,0,0,0
GoogleChromeLabs/squoosh,7da3f07333864215ebcfe31a377bf61f239098da,squoosh,1.9.1,3.5.3,1588341610,80,0,0,0,0,0,0,0,0,0,0,0,0,0
GoogleChromeLabs/squoosh,27ae47117e59061da0894288e7b1e4880a6facca,squoosh,1.9.1,3.5.3,1588347761,80,0,0,0,0,0,0,0,0,0,0,0,0,0
GoogleChromeLabs/squoosh,bd4179aff2137bcb2acf8827562a8daae33192e5,squoosh,1.9.1,3.5.3,1588348125,80,0,0,0,0,0,0,0,0,0,0,0,0,0
GoogleChromeLabs/squoosh,74492af6754ffd9de7ec4ecd3f6a4508acb54fd5,squoosh,1.9.1,3.5.3,1588349288,80,0,0,0,0,0,0,0,0,0,0,0,0,0
GoogleChromeLabs/squoosh,476268fe19f28e11ae08d702df4f3746a3b5957b,squoosh,1.9.1,3.5.3,1588350097,80,0,0,0,0,0,0,0,0,0,0,0,0,0
GoogleChromeLabs/squoosh,50e560389da00e4a3150ceff96c7eab5ed5de4a1,squoosh,1.9.1,3.5.3,1588350765,80,0,0,0,0,0,0,0,0,0,0,0,0,0
GoogleChromeLabs/squoosh,8b3994f9e67aae82d254b07589d76f24394b143f,squoosh,1.9.1,3.5.3,1588350804,80,0,0,0,0,0,0,0,0,0,0,0,0,0
GoogleChromeLabs/squoosh,bd43785c08ed452855b79b2d2b76acca4cb9e636,squoosh,1.9.1,3.5.3,1588350869,80,0,0,0,0,0,0,0,0,0,0,0,0,0
GoogleChromeLabs/squoosh,ef7e3d302109ae8e6fe2aedf86028229af871cfe,squoosh,1.9.1,3.5.3,1588350909,80,0,0,0,0,0,0,0,0,0,0,0,0,0
GoogleChromeLabs/squoosh,87f30c734e29dfa81de322ab85f493d887a47368,squoosh,1.9.1,3.5.3,1588350949,80,0,0,0,0,0,0,0,0,0,0,0,0,0
GoogleChromeLabs/squoosh,6404635174313313e3bab9aa91f7d1d427dac336,squoosh,1.9.1,3.5.3,1588350987,80,0,0,0,0,0,0,0,0,0,0,0,0,0
GoogleChromeLabs/squoosh,8dd47f72d78adf8897b1dca8453c5c6797c27374,squoosh,1.9.1,3.5.3,1588351028,80,0,0,0,0,0,0,0,0,0,0,0,0,0
GoogleChromeLabs/squoosh,aeeb3424c26674bbecc29179e24b60447b10d092,squoosh,1.9.1,3.5.3,1588351065,80,0,0,0,0,0,0,0,0,0,0,0,0,0
GoogleChromeLabs/squoosh,6294567bb7238a7c33678513dfecc414c822629e,squoosh,1.9.1,3.5.3,1588351104,80,0,0,0,0,0,0,0,0,0,0,0,0,0
GoogleChromeLabs/squoosh,02cc792d8ffa63876d8fa5aac3bdfb5db575c955,squoosh,1.9.1,3.5.3,1588351143,80,0,0,0,0,0,0,0,0,0,0,0,0,0
GoogleChromeLabs/squoosh,9f4065c020742ca4454ac6423e6095f68025ae10,squoosh,1.9.1,3.5.3,1588351184,80,0,0,0,0,0,0,0,0,0,0,0,0,0
GoogleChromeLabs/squoosh,b5b2665285be1e878d5f8f35d2755d1e864db92b,squoosh,1.9.1,3.8.3,1588351225,80,0,0,0,0,0,0,0,0,0,0,0,0,0
GoogleChromeLabs/squoosh,76a545a3282a3f41e74eaf065d5dde0bbe56dbc0,squoosh,1.9.1,3.5.3,1588351269,80,0,0,0,0,0,0,0,0,0,0,0,0,0
GoogleChromeLabs/squoosh,9198fea39ba029f305949d0d5ef78913f4a7bfc1,squoosh,1.9.1,3.5.3,1588351310,80,0,0,0,0,0,0,0,0,0,0,0,0,0
GoogleChromeLabs/squoosh,6739314051e997ce16a9de0b43228185d076d008,squoosh,1.9.1,3.5.3,1588351347,80,0,0,0,0,0,0,0,0,0,0,0,0,0
GoogleChromeLabs/squoosh,76affba5deff21f1df9bde5aa0811bdedef4a18e,squoosh,1.9.1,3.5.3,1588351386,80,0,0,0,0,0,0,0,0,0,0,0,0,0
GoogleChromeLabs/squoosh,6016af0ac4b43f93cb5eb1fad5e65d011172041c,squoosh,1.9.1,3.5.3,1588351423,80,0,0,0,0,0,0,0,0,0,0,0,0,0
GoogleChromeLabs/squoosh,e91e90665eeaf47a8361be48e1a4b3723c5a4150,squoosh,1.9.1,3.5.3,1588351463,80,0,0,0,0,0,0,0,0,0,0,0,0,0
GoogleChromeLabs/squoosh,a3bfdfe4bba2e740e150cdacde00cd1b6d6761b7,squoosh,1.9.1,3.5.3,1588351504,80,0,0,0,0,0,0,0,0,0,0,0,0,0
GoogleChromeLabs/squoosh,3dfa1de6fcbd47ac949726d9ada9940d6743cc29,squoosh,1.9.1,3.5.3,1588354313,80,0,0,0,0,0,0,0,0,0,0,0,0,0
GoogleChromeLabs/squoosh,83d9d2c764dc34a69702ed57c37884f1d928ed84,squoosh,1.9.1,3.5.3,1588673980,80,0,0,0,0,0,0,0,0,0,0,0,0,0
GoogleChromeLabs/squoosh,d3252bb1bb290c16e7da87cbc7d3c36d0335f427,squoosh,1.9.1,3.5.3,1588676068,80,0,0,0,0,0,0,0,0,0,0,0,0,0
GoogleChromeLabs/squoosh,bc8d75128f0cd57353651b54c0de5aacbe66d53c,squoosh,1.9.1,3.5.3,1588681392,80,0,0,0,0,0,0,0,0,0,0,0,0,0
GoogleChromeLabs/squoosh,f95954a9f16cdb45d3e6cc58800df29ab9169fb8,squoosh,1.9.1,3.5.3,1588716205,80,0,0,0,0,0,0,0,0,0,0,0,0,0
GoogleChromeLabs/squoosh,a95cb740bfead2a0a21a9051054d98f888ff5481,squoosh,1.9.1,3.5.3,1589395167,80,0,0,0,0,0,0,0,0,0,0,0,0,0
GoogleChromeLabs/squoosh,de543b32062adb1e70c4809a9a8c51ce0ee7575a,squoosh,1.9.1,3.5.3,1589395167,80,0,0,0,0,0,0,0,0,0,0,0,0,0
GoogleChromeLabs/squoosh,1542bfb7fd707ba1e7637044bca7d2441a6f2c2c,squoosh,1.9.1,3.5.3,1589395167,80,0,0,0,0,0,0,0,0,0,0,0,0,0
GoogleChromeLabs/squoosh,1ae93b527cd1d3b46fd14119f3425839d8d51882,squoosh,1.9.1,3.5.3,1589395167,80,0,0,0,0,0,0,0,0,0,0,0,0,0
GoogleChromeLabs/squoosh,f0c3ec9d519a94f9fc9e8a118a866e9167dbbcd1,squoosh,1.9.1,3.5.3,1589470212,80,0,0,0,0,0,0,0,0,0,0,0,0,0
GoogleChromeLabs/squoosh,3a5c0aa30cfa7158c36c03d7b5c02fcd38f430af,squoosh,1.9.1,3.5.3,1589472170,80,0,0,0,0,0,0,0,0,0,0,0,0,0
GoogleChromeLabs/squoosh,79dcf73cc5e3f081c17b036f82771d702faa326a,squoosh,1.9.1,3.5.3,1591795257,80,0,0,0,0,0,0,0,0,0,0,0,0,0
GoogleChromeLabs/squoosh,265e6db2bd69f928c33572572ada57dd6c5329da,squoosh,1.9.1,3.5.3,1592943040,81,0,0,0,0,0,0,0,0,0,0,0,0,0
GoogleChromeLabs/squoosh,6065ceabfe4b6a5fe83aae5ad5a96a89ac7da7d5,squoosh,1.9.1,3.5.3,1592943392,81,0,0,0,0,0,0,0,0,0,0,0,0,0
GoogleChromeLabs/squoosh,079e56f1e109a58f89d47edd2a386fb9450dd9ee,squoosh,1.9.1,3.5.3,1592944487,80,0,0,0,0,0,0,0,0,0,0,0,0,0
GoogleChromeLabs/squoosh,7c89d091394ea8e82cd09907f590724404e99d33,squoosh,1.9.1,3.5.3,1593004132,80,0,0,0,0,0,0,0,0,0,0,0,0,0
GoogleChromeLabs/squoosh,4fa73be842976d91d7ad542868930ea7a6a0fb39,squoosh,1.9.1,3.5.3,1593006056,81,0,0,0,0,0,0,0,0,0,0,0,0,0
GoogleChromeLabs/squoosh,85eb94b725d01e241724a4d1bc28dc07a198677c,squoosh,1.9.1,3.5.3,1593006894,80,0,0,0,0,0,0,0,0,0,0,0,0,0
GoogleChromeLabs/squoosh,5c17fba34901c741eab96590e999a4999edd94dc,squoosh,1.9.1,3.5.3,1593007968,81,0,0,0,0,0,0,0,0,0,0,0,0,0
GoogleChromeLabs/squoosh,42e43730c82da0accaa63cb2b68a72564ddb34e9,squoosh,1.9.1,3.5.3,1593008198,81,0,0,0,0,0,0,0,0,0,0,0,0,0
GoogleChromeLabs/squoosh,e6d8bac9c59913027ae0268aed887aebb9bef378,squoosh,1.9.1,3.5.3,1593011568,81,0,0,0,0,0,0,0,0,0,0,0,0,0
GoogleChromeLabs/squoosh,c76dabf063a456091a1f290cb4aeedb27632d739,squoosh,1.9.1,3.5.3,1593011579,81,0,0,0,0,0,0,0,0,0,0,0,0,0
GoogleChromeLabs/squoosh,6ad28c0b5cbd37ffeb61009a0584c14e0a48beeb,squoosh,1.9.1,3.5.3,1593011716,81,0,0,0,0,0,0,0,0,0,0,0,0,0
GoogleChromeLabs/squoosh,d52698f005b195ea0d88ca3dfc938c021f46a5f7,squoosh,1.10.3,3.5.3,1593012109,81,0,0,0,0,0,0,0,0,0,0,0,0,0
GoogleChromeLabs/squoosh,2b3cafb1f4bb03464a45f0ad33302a736a8f6f55,squoosh,1.11.0,3.5.3,1593012126,81,0,0,0,0,0,0,0,0,0,0,0,0,0
GoogleChromeLabs/squoosh,f77cd9b61f34c73c511000d6844d9dca9cbc3452,squoosh,1.9.1,3.5.3,1593682638,81,0,0,0,0,0,0,0,0,0,0,0,0,0
GoogleChromeLabs/squoosh,8313246fd196b3dea5c9dbe0963e9b32d096f2fb,squoosh,1.9.1,3.5.3,1593696351,81,0,0,0,0,0,0,0,0,0,0,0,0,0
GoogleChromeLabs/squoosh,eeb5e9f2ed53049b9ce3958dfc576c610dfc25a8,squoosh,1.9.2,3.5.3,1593696402,81,0,0,0,0,0,0,0,0,0,0,0,0,0
GoogleChromeLabs/squoosh,acc912d33fabd0b0c22d19e70812d8e4292027ae,squoosh,1.10.3,3.5.3,1593696461,81,0,0,0,0,0,0,0,0,0,0,0,0,0
GoogleChromeLabs/squoosh,273ed917c274fdcfdaf92a1dd74ef0114ecf4a7d,squoosh,1.10.4,3.5.3,1593696493,81,0,0,0,0,0,0,0,0,0,0,0,0,0
GoogleChromeLabs/squoosh,b7e45ab8438ac6217c8817d7b6363f9a5cba365f,squoosh,1.11.0,3.5.3,1593696520,81,0,0,0,0,0,0,0,0,0,0,0,0,0
GoogleChromeLabs/squoosh,d94835402fe33b449d8c5bff09334e2f3e6ac175,squoosh,1.11.1,3.5.3,1593696540,81,0,0,0,0,0,0,0,0,0,0,0,0,0
GoogleChromeLabs/squoosh,5bedff583b6ceed0cc7a5351a26f110b27816c95,squoosh,1.11.1,3.5.3,1594134393,81,0,0,0,0,0,0,0,0,0,0,0,0,0
GoogleChromeLabs/squoosh,38924900231ab67ace4c04aac026a7550847b365,squoosh,1.11.1,3.5.3,1594134493,81,0,0,0,0,0,0,0,0,0,0,0,0,0
GoogleChromeLabs/squoosh,57418034c46970c26be745fbf3913fb49361990d,squoosh,1.11.2,3.5.3,1594134506,81,0,0,0,0,0,0,0,0,0,0,0,0,0
GoogleChromeLabs/squoosh,63f607a3ead0052b4908134cedcb3f912bceab54,squoosh,1.11.2,3.5.3,1594144878,81,0,0,0,0,0,0,0,0,0,0,0,0,0
GoogleChromeLabs/squoosh,9816be83ab549668d52d45a3b0cc9f193182800a,squoosh,1.11.2,3.5.3,1594214911,81,0,0,0,0,0,0,0,0,0,0,0,0,0
GoogleChromeLabs/squoosh,8a516131ea494b1c6cc08c032320821f6625ee69,squoosh,1.11.2,3.5.3,1594216416,81,0,0,0,0,0,0,0,0,0,0,0,0,0
GoogleChromeLabs/squoosh,a1fb445b066d0b0f4f5faf2ebb9351bdb1731d3f,squoosh,1.11.3,3.5.3,1594216539,81,0,0,0,0,0,0,0,0,0,0,0,0,0
GoogleChromeLabs/squoosh,ce9b96994cee2f5e5a6f913700664af9f8e97329,squoosh,1.11.3,3.5.3,1594218567,81,0,0,0,0,0,0,0,0,0,0,0,0,0
GoogleChromeLabs/squoosh,005d5180b46c7584dd023afa28531ca43d94cca4,squoosh,1.11.3,3.5.3,1594691563,81,0,0,0,0,0,0,0,0,0,0,0,0,0
GoogleChromeLabs/squoosh,17ffa57a8bd8124c0e1cd76beab9522fa2dd0d15,squoosh,1.11.3,3.5.3,1594739975,81,0,0,0,0,0,0,0,0,0,0,0,0,0
GoogleChromeLabs/squoosh,c5c520a71d94d0517e361da36ea2340dc6e5bdf2,squoosh,1.11.3,3.5.3,1594743640,81,0,0,0,0,0,0,0,0,0,0,0,0,0
GoogleChromeLabs/squoosh,718427badbca47b817e4ef30de5999efa354f080,squoosh,1.11.3,3.5.3,1594743811,81,0,0,0,0,0,0,0,0,0,0,0,0,0
GoogleChromeLabs/squoosh,796324ad7121d42792daded540f38c2f82a45714,squoosh,1.11.3,3.5.3,1594831020,81,0,0,0,0,0,0,0,0,0,0,0,0,0
GoogleChromeLabs/squoosh,cf1a71853400e1cc7c66eaac816917c744b22268,squoosh,1.11.3,3.5.3,1594831020,81,0,0,0,0,0,0,0,0,0,0,0,0,0
GoogleChromeLabs/squoosh,42e7a7e165c2e71a91f0762a96850870da093f18,squoosh,1.11.3,3.5.3,1594831715,81,0,0,0,0,0,0,0,0,0,0,0,0,0
GoogleChromeLabs/squoosh,117b87132eadb6dfff71f7b17e31559fd5a4d455,squoosh,1.11.3,3.5.3,1595241328,81,0,0,0,0,0,0,0,0,0,0,0,0,0
GoogleChromeLabs/squoosh,ff7dc2c4cf0f080fef7e172c4b0ff6f4a1dd7e63,squoosh,1.11.3,3.5.3,1595241910,81,0,0,0,0,0,0,0,0,0,0,0,0,0
GoogleChromeLabs/squoosh,1ce6dd73d8ea83672b628b6717ec37dcc0680856,squoosh,1.11.3,3.5.3,1595591541,81,0,0,0,0,0,0,0,0,0,0,0,0,0
GoogleChromeLabs/squoosh,ca00a22303e1352707b88a8bcecfce2dc105e6a2,squoosh,1.11.3,3.5.3,1595593780,83,0,0,0,0,0,0,0,0,0,0,0,0,0
GoogleChromeLabs/squoosh,548c12652117a80c407c8c0cef47fc0c84064359,squoosh,1.11.3,3.5.3,1595593816,83,0,0,0,0,0,0,0,0,0,0,0,0,0
GoogleChromeLabs/squoosh,dd895f026bcdb4bf1767399c8d167f98f1dc5b14,squoosh,1.11.3,3.5.3,1595597155,81,0,0,0,0,0,0,0,0,0,0,0,0,0
GoogleChromeLabs/squoosh,b7f7a5ac0a7d4883a64c9e9acefba57ed44866c6,squoosh,1.11.3,3.5.3,1595598744,81,0,0,0,0,0,0,0,0,0,0,0,0,0
GoogleChromeLabs/squoosh,f36cb5d3ef67a08656a0c6c37d0a8027f12785b8,squoosh,1.11.3,3.5.3,1595599075,81,0,0,0,0,0,0,0,0,0,0,0,0,0
GoogleChromeLabs/squoosh,45785bcca33f1539b07832ffb07bc74dcb006fe5,squoosh,1.11.4,3.5.3,1595599187,81,0,0,0,0,0,0,0,0,0,0,0,0,0
GoogleChromeLabs/squoosh,aac30e6fd3a2e09957061cc65803b8dc7c097bdf,squoosh,1.11.4,3.5.3,1595868375,81,0,0,0,0,0,0,0,0,0,0,0,0,0
GoogleChromeLabs/squoosh,4fc18de5f9ae6c81c7662f4f2b1baa26d1eb1a2b,squoosh,1.11.4,3.5.3,1595950500,81,0,0,0,0,0,0,0,0,0,0,0,0,0
GoogleChromeLabs/squoosh,e342766cbf5c7ca03c703632b98ba13fcdc38851,squoosh,1.11.4,3.5.3,1595950500,81,0,0,0,0,0,0,0,0,0,0,0,0,0
GoogleChromeLabs/squoosh,f1cd6a87da0f8b271045be65361d64ab075d793a,squoosh,1.11.4,3.5.3,1595950500,81,0,0,0,0,0,0,0,0,0,0,0,0,0
GoogleChromeLabs/squoosh,93cbe557cdc2d297ec191c59fe02475cfaccb181,squoosh,1.11.4,3.5.3,1595950500,81,0,0,0,0,0,0,0,0,0,0,0,0,0
GoogleChromeLabs/squoosh,97931bad2230b8c805a3376c954fc2205ecf8e02,squoosh,1.11.4,3.5.3,1595950500,81,0,0,0,0,0,0,0,0,0,0,0,0,0
GoogleChromeLabs/squoosh,1f35c40d3f3a82b62d591a86a6597fedc3fae0ee,squoosh,1.11.4,3.5.3,1595950500,81,0,0,0,0,0,0,0,0,0,0,0,0,0
GoogleChromeLabs/squoosh,c39383333f72c342cd1f15d7966c74280e43517a,squoosh,1.11.4,3.5.3,1595950500,81,0,0,0,0,0,0,0,0,0,0,0,0,0
GoogleChromeLabs/squoosh,39e5741cb2dac5ac6bc70762e656196f5e45feba,squoosh,1.11.4,3.5.3,1595950500,81,0,0,0,0,0,0,0,0,0,0,0,0,0
GoogleChromeLabs/squoosh,9c2b582986eee3f5c9e88c391d095d3e1bc347d5,squoosh,1.11.4,3.5.3,1595955789,81,0,0,0,0,0,0,0,0,0,0,0,0,0
GoogleChromeLabs/squoosh,d1cff7d84eade6f65b9f7d3f07d133bf2c510f7d,squoosh,1.11.4,3.5.3,1595955909,81,0,0,0,0,0,0,0,0,0,0,0,0,0
GoogleChromeLabs/squoosh,9c0a375f01c076d59c45f75e3353d8f60e8fab8b,squoosh,1.11.4,3.5.3,1595957837,81,0,0,0,0,0,0,0,0,0,0,0,0,0
GoogleChromeLabs/squoosh,b8d921ec1670aa08828345d64207373b0fbce225,squoosh,1.11.4,3.5.3,1595958320,81,0,0,0,0,0,0,0,0,0,0,0,0,0
GoogleChromeLabs/squoosh,2ac684f98ff2372de650f083a5d3e19b5bd3e98f,squoosh,1.11.4,3.5.3,1595958352,81,0,0,0,0,0,0,0,0,0,0,0,0,0
GoogleChromeLabs/squoosh,2580f1e29210df65bbaf707997c942aabd12e40c,squoosh,1.11.4,3.5.3,1595958643,81,0,0,0,0,0,0,0,0,0,0,0,0,0
GoogleChromeLabs/squoosh,ed6b8b89c623219baf5ad913dbb7343d71763f81,squoosh,1.11.4,3.5.3,1595958740,81,0,0,0,0,0,0,0,0,0,0,0,0,0
GoogleChromeLabs/squoosh,b69dc4c7f4c03b4c840bf144dc62b044e4fcf34b,squoosh,1.11.4,3.5.3,1595958983,81,0,0,0,0,0,0,0,0,0,0,0,0,0
GoogleChromeLabs/squoosh,ddbeaa0870a52d38d7d7f11fdfbbc8264912f6b8,squoosh,1.11.4,3.5.3,1596019944,81,0,0,0,0,0,0,0,0,0,0,0,0,0
GoogleChromeLabs/squoosh,98b930abdea630877f361884312d9a4f83295e86,squoosh,1.11.4,3.5.3,1596108680,81,0,0,0,0,0,0,0,0,0,0,0,0,0
GoogleChromeLabs/squoosh,1a26057452814d8d9ba1a92693f3528eaf98a134,squoosh,1.11.4,3.5.3,1596112121,81,0,0,0,0,0,0,0,0,0,0,0,0,0
GoogleChromeLabs/squoosh,ed451e4dfa07a9e2ad99dd9880aa567c415f09f2,squoosh,1.11.4,3.5.3,1596116626,81,0,0,0,0,0,0,0,0,0,0,0,0,0
GoogleChromeLabs/squoosh,ecb0b15cdcd21576098cd77189e5d31f1f44e0c6,squoosh,1.11.4,3.5.3,1596205703,81,0,0,0,0,0,0,0,0,0,0,0,0,0
GoogleChromeLabs/squoosh,87955ab9a03401211ef37964cdc60e95a9a96dd9,squoosh,1.11.4,3.5.3,1596206620,81,0,0,0,0,0,0,0,0,0,0,0,0,0
GoogleChromeLabs/squoosh,227d32be7bdf1c2ddc8ee23609b83ff91d48c1d8,squoosh,1.11.4,3.5.3,1596216800,81,0,0,0,0,0,0,0,0,0,0,0,0,0
GoogleChromeLabs/squoosh,c43f75f1f2691b4dfa57849cabc3cd0abe4bc9d6,squoosh,1.11.4,3.5.3,1596221354,81,0,0,0,0,0,0,0,0,0,0,0,0,0
GoogleChromeLabs/squoosh,37f09245a6519530c356b3d7f76ae3ac43c75340,squoosh,1.11.4,3.5.3,1596531086,81,0,0,0,0,0,0,0,0,0,0,0,0,0
GoogleChromeLabs/squoosh,d0f5d5a6440a2d2543df521287299e5dce59c911,squoosh,1.11.4,3.5.3,1596544558,81,0,0,0,0,0,0,0,0,0,0,0,0,0
GoogleChromeLabs/squoosh,34cb55978fedaf0f2d786953024f53c9e1509c06,squoosh,1.11.4,3.5.3,1596634581,82,0,0,0,0,0,0,0,0,0,0,0,0,0
GoogleChromeLabs/squoosh,02807aab32ab6a62556c88e09fa179455b35947f,squoosh,1.11.4,3.5.3,1596634693,86,0,0,0,0,0,0,0,0,0,0,0,0,0
GoogleChromeLabs/squoosh,409df481db8f4d67ddbaeb8581df55bd2082a962,squoosh,1.11.4,3.5.3,1596634699,86,0,0,0,0,0,0,0,0,0,0,0,0,0
GoogleChromeLabs/squoosh,e1ab43b76fbd6bab0ff403cf58ac2aa56bc38354,squoosh,1.11.4,3.5.3,1596634703,87,0,0,0,0,0,0,0,0,0,0,0,0,0
GoogleChromeLabs/squoosh,c29006d59336be5b038a519b70d596b2831b85d9,squoosh,1.11.4,3.5.3,1596634706,87,0,0,0,0,0,0,0,0,0,0,0,0,0
GoogleChromeLabs/squoosh,ac9a7767d22ff58cfb839601fd6996eae76f6665,squoosh,1.11.4,3.5.3,1596634709,87,0,0,0,0,0,0,0,0,0,0,0,0,0
GoogleChromeLabs/squoosh,17dcc9c7d4350ffb8f57c1cba9cf20ff73ba5fdb,squoosh,1.11.4,3.5.3,1596634711,87,0,0,0,0,0,0,0,0,0,0,0,0,0
GoogleChromeLabs/squoosh,0c3ef3fdf59533a57a1180043fe00222efd47917,squoosh,1.11.4,3.5.3,1596634713,87,0,0,0,0,0,0,0,0,0,0,0,0,0
GoogleChromeLabs/squoosh,08c267a98b52f2976e2e8fef9319fe2f12c690f3,squoosh,1.11.4,3.5.3,1596634717,87,0,0,0,0,0,0,0,0,0,0,0,0,0
GoogleChromeLabs/squoosh,368ad9505edcd38e7e23728784181a8e8b59acf2,squoosh,1.11.4,3.5.3,1596634722,87,0,0,0,0,0,0,0,0,0,0,0,0,0
GoogleChromeLabs/squoosh,1baa823d7722a9122b94e001aa17c10345d76b31,squoosh,1.11.4,3.5.3,1596634728,87,0,0,0,0,0,0,0,0,0,0,0,0,0
GoogleChromeLabs/squoosh,0ac3d179691b8f292d6895f4a80cf34b71cae425,squoosh,1.11.4,3.5.3,1596634731,87,0,0,0,0,0,0,0,0,0,0,0,0,0
GoogleChromeLabs/squoosh,2edb8cbd7e6c4dab0c038a1115a5cf2e2e467b29,squoosh,1.11.4,3.5.3,1596634736,87,0,0,0,0,0,0,0,0,0,0,0,0,0
GoogleChromeLabs/squoosh,ee99cf6e0b86717f2e3e9c75917a2dcb235d638f,squoosh,1.11.4,3.5.3,1596634741,87,0,0,0,0,0,0,0,0,0,0,0,0,0
GoogleChromeLabs/squoosh,7ffa45ba86d58d0a3b704316f2953309d8382996,squoosh,1.11.4,3.5.3,1596634747,87,0,0,0,0,0,0,0,0,0,0,0,0,0
GoogleChromeLabs/squoosh,53298a23ade0b4557da5329b3a82b2c78d6ed826,squoosh,1.11.4,3.5.3,1596634754,87,0,0,0,0,0,0,0,0,0,0,0,0,0
GoogleChromeLabs/squoosh,15dac42a7f2f10b01c80fadbc0dcc9c4747c6844,squoosh,1.11.4,3.5.3,1596634761,87,0,0,0,0,0,0,0,0,0,0,0,0,0
GoogleChromeLabs/squoosh,789366067986f66d790e5ec2192fb25f3d0e4b1f,squoosh,1.11.4,3.5.3,1596634766,87,0,0,0,0,0,0,0,0,0,0,0,0,0
GoogleChromeLabs/squoosh,f5ab9a9a59e31422d9e088a1e2fef27e98e1e32c,squoosh,1.11.4,3.5.3,1596634770,87,0,0,0,0,0,0,0,0,0,0,0,0,0
GoogleChromeLabs/squoosh,3c92f2d531f23723afc16299c53449e4cc4906af,squoosh,1.11.4,3.5.3,1596634775,87,0,0,0,0,0,0,0,0,0,0,0,0,0
GoogleChromeLabs/squoosh,563b558204ba4e4e582e14b2b5a1a5e5f36e5f74,squoosh,1.11.4,3.5.3,1596634781,87,0,0,0,0,0,0,0,0,0,0,0,0,0
GoogleChromeLabs/squoosh,03f33847a3ab9e56dc887e2a5f538d7ae7ae762e,squoosh,1.11.4,3.5.3,1596634786,87,0,0,0,0,0,0,0,0,0,0,0,0,0
GoogleChromeLabs/squoosh,94a2a7b32faa33f14c358882dc64629858f67ee9,squoosh,1.11.4,3.5.3,1596634790,87,0,0,0,0,0,0,0,0,0,0,0,0,0
GoogleChromeLabs/squoosh,c6015e2e8d10a3b44db86728b6266714c2a15fc6,squoosh,1.11.4,3.5.3,1596634794,87,0,0,0,0,0,0,0,0,0,0,0,0,0
GoogleChromeLabs/squoosh,cfba6e7bd56055727dbb7b8ec67803307ab242b3,squoosh,1.11.4,3.5.3,1596634798,87,0,0,0,0,0,0,0,0,0,0,0,0,0
GoogleChromeLabs/squoosh,0218d0aac5a89ac96819faa4494d84a9a7c17e9b,squoosh,1.11.4,3.5.3,1596634804,87,0,0,0,0,0,0,0,0,0,0,0,0,0
GoogleChromeLabs/squoosh,3cda8285a1ad84ed76b1de4dce0d545562da3a6f,squoosh,1.11.4,3.5.3,1596634809,87,0,0,0,0,0,0,0,0,0,0,0,0,0
GoogleChromeLabs/squoosh,0807fa4b9a8b191ba5ee53bcedaf537125e90bd0,squoosh,1.11.4,3.5.3,1596634815,87,0,0,0,0,0,0,0,0,0,0,0,0,0
GoogleChromeLabs/squoosh,8036579a3c528f0d4d2c675a16eb3afcae2f9606,squoosh,1.11.4,3.5.3,1596636633,87,0,0,0,0,0,0,0,0,0,0,0,0,0
GoogleChromeLabs/squoosh,db6dea846a495ef05e5c36106f4d3a78b86bb6f4,squoosh,1.11.4,3.5.3,1596639396,87,0,0,0,0,0,0,0,0,0,0,0,0,0
GoogleChromeLabs/squoosh,0e90f805a4df8c2186aac2c1c66b03f015705281,squoosh,1.11.4,3.5.3,1596644433,81,0,0,0,0,0,0,0,0,0,0,0,0,0
GoogleChromeLabs/squoosh,173d1ea1e5b5c9360d0a9f953985b8131b5fcaf7,squoosh,1.11.4,3.5.3,1597148262,81,0,0,0,0,0,0,0,0,0,0,0,0,0
GoogleChromeLabs/squoosh,d89e8468968a23a5402128e7f53d8817f1444b69,squoosh,1.11.4,3.5.3,1597167669,87,0,0,0,0,0,0,0,0,0,0,0,0,0
GoogleChromeLabs/squoosh,3745a3fff1d9d3458428dd1624563c0fbfdad4e5,squoosh,1.11.4,3.5.3,1597167702,87,0,0,0,0,0,0,0,0,0,0,0,0,0
GoogleChromeLabs/squoosh,fe52c9b3075449a1796ca169c77af26f233915de,squoosh,1.11.4,3.5.3,1597168147,87,0,0,0,0,0,0,0,0,0,0,0,0,0
GoogleChromeLabs/squoosh,2c923e5239a3f3cbca6fa0262092c9be3a6e7060,squoosh,1.11.4,3.5.3,1597227345,87,0,0,0,0,0,0,0,0,0,0,0,0,0
GoogleChromeLabs/squoosh,3f0e31c5297cbe2793b46c92595d4cf233ff8b98,squoosh,1.11.4,3.5.3,1597270456,81,0,0,0,0,0,0,0,0,0,0,0,0,0
GoogleChromeLabs/squoosh,33e3eff839548adef3eca9818751321c5d94f970,squoosh,1.11.4,3.5.3,1597270594,81,0,0,0,0,0,0,0,0,0,0,0,0,0
GoogleChromeLabs/squoosh,68a5f454327d01738418433ba7649fc2fe991d5c,squoosh,1.11.4,3.5.3,1597270647,81,0,0,0,0,0,0,0,0,0,0,0,0,0
GoogleChromeLabs/squoosh,e972f7225aacb6b3d4aa4454b3ba5039b1a81b35,squoosh,1.11.4,3.5.3,1597270670,81,0,0,0,0,0,0,0,0,0,0,0,0,0
GoogleChromeLabs/squoosh,f2dcd6e24606d47e902c582fd5dd4e7b87e15f45,squoosh,1.11.4,3.5.3,1597270702,81,0,0,0,0,0,0,0,0,0,0,0,0,0
GoogleChromeLabs/squoosh,1da9e9d7db8d7fbc5e799fa52576be63020ca25c,squoosh,1.11.4,3.5.3,1597270729,81,0,0,0,0,0,0,0,0,0,0,0,0,0
GoogleChromeLabs/squoosh,46785491f0bdbf8724693b80e75c86e2e18e2ba4,squoosh,1.11.4,3.5.3,1597270786,81,0,0,0,0,0,0,0,0,0,0,0,0,0
GoogleChromeLabs/squoosh,84e5004ec1649a36ba935240f4b2079912bda77a,squoosh,1.11.4,3.5.3,1597270800,81,0,0,0,0,0,0,0,0,0,0,0,0,0
GoogleChromeLabs/squoosh,c08d255f4d2e494369666092b35d33ca8de83de2,squoosh,1.11.4,3.5.3,1597270837,81,0,0,0,0,0,0,0,0,0,0,0,0,0
GoogleChromeLabs/squoosh,88a5295e21f02139c811734d6c96f3521e6c270b,squoosh,1.11.4,3.5.3,1597270872,81,0,0,0,0,0,0,0,0,0,0,0,0,0
GoogleChromeLabs/squoosh,038f34b89a131551f628ca905e00d9b2b272c9b6,squoosh,1.11.4,3.5.3,1597270898,81,0,0,0,0,0,0,0,0,0,0,0,0,0
GoogleChromeLabs/squoosh,37966fad280c27115d94908ca4497db233740820,squoosh,1.11.4,3.5.3,1597270909,81,0,0,0,0,0,0,0,0,0,0,0,0,0
GoogleChromeLabs/squoosh,d383fa6b12dc1d73e1b65b29be404f511cdfcaf0,squoosh,1.11.4,3.5.3,1597449028,81,0,0,0,0,0,0,0,0,0,0,0,0,0
GoogleChromeLabs/squoosh,37acb149a0a223fe2fece59a277ce1d92017bece,squoosh,1.11.4,3.5.3,1597673903,93,0,0,0,0,0,0,0,0,0,0,0,0,0
GoogleChromeLabs/squoosh,f0173012c0d8c684655be0a855cdda3346bed4e4,squoosh,1.11.4,3.5.3,1597680612,93,0,0,0,0,0,0,0,0,0,0,0,0,0
GoogleChromeLabs/squoosh,245527ae0ffa32aac0d39b9b53bb7f48c8a3afdb,squoosh,1.11.4,3.5.3,1597684869,93,0,0,0,0,0,0,0,0,0,0,0,0,0
GoogleChromeLabs/squoosh,e6111be9986be8af0e08ac928db79832af8afdbc,squoosh,1.11.4,3.5.3,1597894895,81,0,0,0,0,0,0,0,0,0,0,0,0,0
GoogleChromeLabs/squoosh,69bd7331ffa7c5a7ba4390569a5c85d002ae455d,squoosh,1.11.4,3.5.3,1598012695,93,0,0,0,0,0,0,0,0,0,0,0,0,0
GoogleChromeLabs/squoosh,d4f8b7f38bc5d3bb342fd5cb0129642584effa80,squoosh,1.11.4,3.5.3,1598013876,81,0,0,0,0,0,0,0,0,0,0,0,0,0
GoogleChromeLabs/squoosh,c23d1091e71b86c34c15e42ae85da0e449280a39,squoosh,1.11.4,3.5.3,1598023864,87,0,0,0,0,0,0,0,0,0,0,0,0,0
GoogleChromeLabs/squoosh,6b007a02352118e2769235f7ac2b2b67a32b109d,squoosh,1.11.4,3.5.3,1598024038,87,0,0,0,0,0,0,0,0,0,0,0,0,0
GoogleChromeLabs/squoosh,4e090ea2f8b2ede915e2413a1fa37371bc784cc4,squoosh,1.11.4,3.5.3,1598024616,87,0,0,0,0,0,0,0,0,0,0,0,0,0
GoogleChromeLabs/squoosh,8cd811cafd7cdfadb3c493d376827d8ba1e985fe,squoosh,1.11.4,3.5.3,1598269392,87,0,0,0,0,0,0,0,0,0,0,0,0,0
GoogleChromeLabs/squoosh,75275a5596d60a53c5c9bc1550d384e9a5de8891,squoosh,1.11.4,3.5.3,1598274038,87,0,0,0,0,0,0,0,0,0,0,0,0,0
GoogleChromeLabs/squoosh,773208d76ec253ef375a5394f30f0115b8bcc049,squoosh,1.11.4,3.5.3,1598274108,87,0,0,0,0,0,0,0,0,0,0,0,0,0
GoogleChromeLabs/squoosh,ee561bb00efde3740c3d847fedb101bfcbe2bb8e,squoosh,1.11.4,3.5.3,1598274224,87,0,0,0,0,0,0,0,0,0,0,0,0,0
GoogleChromeLabs/squoosh,cd33a2f759908d70aaa5536a8aec5eacae45f666,squoosh,1.11.4,3.5.3,1598275295,87,0,0,0,0,0,0,0,0,0,0,0,0,0
GoogleChromeLabs/squoosh,5715fb7b1b64d0e5d51b638ccf3311408e685207,squoosh,1.11.4,3.5.3,1598275537,87,0,0,0,0,0,0,0,0,0,0,0,0,0
GoogleChromeLabs/squoosh,8c56d16aea084df419968b712d299d295b3d9fd2,squoosh,1.11.4,3.5.3,1598285168,87,0,0,0,0,0,0,0,0,0,0,0,0,0
GoogleChromeLabs/squoosh,0b4a673b13028ec1ea4f99a753a080af932272b4,squoosh,1.11.4,3.5.3,1598356990,87,0,0,0,0,0,0,0,0,0,0,0,0,0
GoogleChromeLabs/squoosh,8f2dcb5f4822e572e8e27c9e95dad11195bc4df8,squoosh,1.11.4,3.5.3,1598357470,87,0,0,0,0,0,0,0,0,0,0,0,0,0
GoogleChromeLabs/squoosh,e316b0d667b82653e164d7acecde2d86a8ede550,squoosh,1.11.4,3.5.3,1598359141,87,0,0,0,0,0,0,0,0,0,0,0,0,0
GoogleChromeLabs/squoosh,f3749a4e24a558c5c342e7eeb877b22ea89ffd0e,squoosh,1.11.4,3.5.3,1598359168,87,0,0,0,0,0,0,0,0,0,0,0,0,0
GoogleChromeLabs/squoosh,549e1fc50a62b3db122dd369a7a5f13aebf02a84,squoosh,1.11.4,3.5.3,1598361146,87,0,0,0,0,0,0,0,0,0,0,0,0,0
GoogleChromeLabs/squoosh,3f57f9fef1aff83413936e8734e1f82d3b5ad0a6,squoosh,1.11.4,3.5.3,1598361201,87,0,0,0,0,0,0,0,0,0,0,0,0,0
GoogleChromeLabs/squoosh,8a81792bd51dcc176249b086ddbf258b4283c327,squoosh,1.11.4,3.5.3,1598361217,87,0,0,0,0,0,0,0,0,0,0,0,0,0
GoogleChromeLabs/squoosh,4e5a8107704aa66873f3f01d8348285f69fde069,squoosh,1.11.4,3.5.3,1598362280,87,0,0,0,0,0,0,0,0,0,0,0,0,0
GoogleChromeLabs/squoosh,0abb6f18ba90a093e1ab97689ee2eb9dd794c527,squoosh,1.11.4,3.5.3,1598370841,87,0,0,0,0,0,0,0,0,0,0,0,0,0
GoogleChromeLabs/squoosh,fd5c5570654ed1e85c7d0eb57934928606edc1c4,squoosh,1.11.4,3.5.3,1598436555,87,0,0,0,0,0,0,0,0,0,0,0,0,0
GoogleChromeLabs/squoosh,6e52ac2a737e68400569ea0b44504fb0e95b8adc,squoosh,1.11.4,3.5.3,1598438481,87,0,0,0,0,0,0,0,0,0,0,0,0,0
GoogleChromeLabs/squoosh,95570c8b3cfd560a86719d59bbf176cd2f8a1bb0,squoosh,1.11.4,3.5.3,1598441286,87,0,0,0,0,0,0,0,0,0,0,0,0,0
GoogleChromeLabs/squoosh,239ffeb7a7cc7d95f1c68117e913dfa6e66290f1,squoosh,1.11.4,3.5.3,1598441819,87,0,0,0,0,0,0,0,0,0,0,0,0,0
GoogleChromeLabs/squoosh,9d81a9cd57081ae1946fb6492ba9719cf86e59ad,squoosh,1.11.4,3.5.3,1598441980,87,0,0,0,0,0,0,0,0,0,0,0,0,0
GoogleChromeLabs/squoosh,0934c6c00f6ec7be9f5f4e7593a9a2e2fd83b394,squoosh,1.11.4,3.5.3,1598442817,87,0,0,0,0,0,0,0,0,0,0,0,0,0
GoogleChromeLabs/squoosh,4768bc17ba7949e569753680eb5b90853d0c1ac3,squoosh,1.12.0,3.5.3,1598443055,87,0,0,0,0,0,0,0,0,0,0,0,0,0
GoogleChromeLabs/squoosh,483daa04933ff8e5b467b5dc8cdf529d1b57c502,squoosh,1.11.4,3.5.3,1598554896,87,0,0,0,0,0,0,0,0,0,0,0,0,0
GoogleChromeLabs/squoosh,646f5c983abc1c3220a6019496cf1be2f856a34b,squoosh,1.11.4,3.5.3,1598613002,93,0,0,0,0,0,0,0,0,0,0,0,0,0
GoogleChromeLabs/squoosh,73e2b60a505fffd324c16b2a3deacbbc6dd2d9b7,squoosh,1.11.4,3.5.3,1598615109,93,0,0,0,0,0,0,0,0,0,0,0,0,0
GoogleChromeLabs/squoosh,16f0cc3c107fc0f45875280c2e2bff0b34b72731,squoosh,1.11.4,3.5.3,1598615167,93,0,0,0,0,0,0,0,0,0,0,0,0,0
GoogleChromeLabs/squoosh,321996807e7caefb8d72316d40d6e830fb2dc3c8,squoosh,1.11.4,3.5.3,1598616710,93,0,0,0,0,0,0,0,0,0,0,0,0,0
GoogleChromeLabs/squoosh,4b6334a2125a14cf428c8f59ffb560d88e762ad5,squoosh,1.11.4,3.5.3,1599520737,87,0,0,0,0,0,0,0,0,0,0,0,0,0
GoogleChromeLabs/squoosh,ebdb00f50da560e9e1a7fc141e8310d55a2ca0f6,squoosh,1.11.4,3.5.3,1599652202,87,0,0,0,0,0,0,0,0,0,0,0,0,0
GoogleChromeLabs/squoosh,f0eb79f2f11ee8663a7cd4114f3aaa8266f9e2f5,squoosh,1.11.4,3.5.3,1599661359,87,0,0,0,0,0,0,0,0,0,0,0,0,0
GoogleChromeLabs/squoosh,3b07862efbb6d4525aaf3ca547e87ac05f58c06f,squoosh,1.11.4,3.5.3,1599662936,87,0,0,0,0,0,0,0,0,0,0,0,0,0
GoogleChromeLabs/squoosh,47fb7f9f71c9a2abce73162695f988d0f946e1bf,squoosh,1.11.4,3.5.3,1599672170,87,0,0,0,0,0,0,0,0,0,0,0,0,0
GoogleChromeLabs/squoosh,31118daa18ee355853dc939e11271690070fa2c3,squoosh,1.11.4,3.5.3,1599672231,87,0,0,0,0,0,0,0,0,0,0,0,0,0
GoogleChromeLabs/squoosh,6e3e6af70eea0d5132bdfa7349cdb06823506452,squoosh,1.11.4,3.5.3,1599672332,87,0,0,0,0,0,0,0,0,0,0,0,0,0
GoogleChromeLabs/squoosh,28c7b7aa94a91d88f3bf5f8819450e027d0c85f0,squoosh,1.11.4,3.5.3,1599672402,87,0,0,0,0,0,0,0,0,0,0,0,0,0
GoogleChromeLabs/squoosh,12a719f05a2ffd3b4bd906074bcc9cefaede9dd4,squoosh,1.11.4,3.5.3,1599672827,87,0,0,0,0,0,0,0,0,0,0,0,0,0
GoogleChromeLabs/squoosh,1f2f5d1c612bb4612d5c3ac7a0d4d170d7913483,squoosh,1.11.4,3.5.3,1599673941,87,0,0,0,0,0,0,0,0,0,0,0,0,0
GoogleChromeLabs/squoosh,b1b3c8c4617fee56caf5546d62411aeae6c6a600,squoosh,1.11.4,3.5.3,1599674252,87,0,0,0,0,0,0,0,0,0,0,0,0,0
GoogleChromeLabs/squoosh,e5d254ad80aff4685d000b52721f63786b3f9c72,squoosh,1.11.4,3.5.3,1599690588,87,0,0,0,0,0,0,0,0,0,0,0,0,0
GoogleChromeLabs/squoosh,96b1ec23564b8a9d85d8c0c794611b1b6ae0a350,squoosh,1.11.4,3.5.3,1599690607,87,0,0,0,0,0,0,0,0,0,0,0,0,0
GoogleChromeLabs/squoosh,e9b999318970d6343c789dcb49c060e5cd852e41,squoosh,1.11.4,3.5.3,1599691106,87,0,0,0,0,0,0,0,0,0,0,0,0,0
GoogleChromeLabs/squoosh,c37f79856594eac3247e4eaa455a33579f81ff8c,squoosh,1.11.4,3.5.3,1599691119,87,0,0,0,0,0,0,0,0,0,0,0,0,0
GoogleChromeLabs/squoosh,c9a271f57a0bf288a7c93248ced091c3885fdfc1,squoosh,1.11.4,3.5.3,1599691410,87,0,0,0,0,0,0,0,0,0,0,0,0,0
GoogleChromeLabs/squoosh,df45b996d1cd2dc28cbb2d47e4e3251d78447340,squoosh,1.11.4,3.5.3,1599691441,87,0,0,0,0,0,0,0,0,0,0,0,0,0
GoogleChromeLabs/squoosh,01c04d4a72c34c1f986978a01bbbf064d1cc28d7,squoosh,1.11.4,3.5.3,1600099502,87,0,0,0,0,0,0,0,0,0,0,0,0,0
GoogleChromeLabs/squoosh,1e700cd7c381c0e511b6f0106accf76c1d91f836,squoosh,1.11.4,3.5.3,1600100449,87,0,0,0,0,0,0,0,0,0,0,0,0,0
GoogleChromeLabs/squoosh,1d7b6ab13e6eee43d820218856bb174e98b70bc9,squoosh,1.11.4,3.5.3,1600100581,87,0,0,0,0,0,0,0,0,0,0,0,0,0
GoogleChromeLabs/squoosh,a437afdf2bb06ec8fc8f328d3a1f9fad7d9e61cd,squoosh,1.12.0,3.5.3,1600164500,87,0,0,0,0,0,0,0,0,0,0,0,0,0
GoogleChromeLabs/squoosh,c8dc88f8a1bc8026641a555b68a28372366d6c99,squoosh,1.11.4,3.5.3,1600188829,87,0,0,0,0,0,0,0,0,0,0,0,0,0
GoogleChromeLabs/squoosh,dfee848a397186d98747ee1dfc254b8d9126a7a9,squoosh,1.12.0,3.5.3,1600238552,87,0,0,0,0,0,0,0,0,0,0,0,0,0
GoogleChromeLabs/squoosh,a6477b82fc8bc61329c25411b34de09d234f0086,squoosh,2.0.0,4.0.2,1600247330,95,0,0,0,0,0,0,0,0,0,0,0,0,0
GoogleChromeLabs/squoosh,e14790f0b9d1be414f0db5d5c95ea2df739335f1,squoosh,1.12.0,3.5.3,1600248260,87,0,0,0,0,0,0,0,0,0,0,0,0,0
GoogleChromeLabs/squoosh,42f9e4aed2952a10ade5e8357a99f80e05ef36d0,squoosh,1.12.0,3.5.3,1600248971,87,0,0,0,0,0,0,0,0,0,0,0,0,0
GoogleChromeLabs/squoosh,25102095aa0f4d11bcb8a6cc9d997c651978860c,squoosh,2.0.0,4.0.2,1600250599,95,0,0,0,0,0,0,0,0,0,0,0,0,0
GoogleChromeLabs/squoosh,2583d689b9bb23c08f7afa674e2df0f921e178c7,squoosh,2.0.0,4.0.2,1600250640,95,0,0,0,0,0,0,0,0,0,0,0,0,0
GoogleChromeLabs/squoosh,7776134bc22197372bcee588a835416cc7f2f07b,squoosh,2.0.0,4.0.2,1600253293,97,0,0,0,0,0,0,0,0,0,0,0,0,0
GoogleChromeLabs/squoosh,f92e3c2194791a8a2037d32de2eb4d7783b4400f,squoosh,2.0.0,4.0.2,1600255826,97,0,0,0,0,0,0,0,0,0,0,0,0,0
GoogleChromeLabs/squoosh,f445a5dcbee37cb2e6b5480155528c9b686e2348,squoosh,1.11.4,3.5.3,1600259529,87,0,0,0,0,0,0,0,0,0,0,0,0,0
GoogleChromeLabs/squoosh,ef920ac6ba473418002d23a96d8dd04be10946de,squoosh,1.11.4,3.5.3,1600264684,87,0,0,0,0,0,0,0,0,0,0,0,0,0
GoogleChromeLabs/squoosh,273b4211c9f9a9fcd8c5186332b0fb521b963479,squoosh,1.11.4,3.5.3,1600297146,89,0,0,0,0,0,0,0,0,0,0,0,0,0
GoogleChromeLabs/squoosh,516c0aa8e75a4e30c0e3f16b0445f4bf3e41333f,squoosh,1.11.4,3.5.3,1600350598,89,0,0,0,0,0,0,0,0,0,0,0,0,0
GoogleChromeLabs/squoosh,139b635eed6985bee536ec0e11b7bcf860bf0442,squoosh,1.11.4,3.5.3,1600441229,89,0,0,0,0,0,0,0,0,0,0,0,0,0
GoogleChromeLabs/squoosh,7540a15f8d758f6264e29d7819df73ffc4b2885a,squoosh,2.0.0,4.0.2,1600442936,105,0,0,0,0,0,0,0,0,0,0,0,0,0
GoogleChromeLabs/squoosh,300809fdcb0f27bd82f839e2c63b55bfa87f7a4a,squoosh,2.0.0,4.0.2,1600689667,113,0,0,0,0,0,0,0,0,0,0,0,0,0
GoogleChromeLabs/squoosh,d9e1177cd875908b21a0e9da5a96f5a8119b181e,squoosh,2.0.0,4.0.2,1600694584,113,0,0,0,0,0,0,0,0,0,0,0,0,0
GoogleChromeLabs/squoosh,21fc70cbddca7f13f0fcaa7a840f03f3a67514a6,squoosh,2.0.0,4.0.2,1600694708,113,0,0,0,0,0,0,0,0,0,0,0,0,0
GoogleChromeLabs/squoosh,2a6a83f56d7d008e4b61c9e1d49e36cc501b55f0,squoosh,2.0.0,4.0.2,1600697978,113,0,0,0,0,0,0,0,0,0,0,0,0,0
GoogleChromeLabs/squoosh,588d5ad44eab48de8a65a36adc45092444781229,squoosh,1.11.4,3.5.3,1600708482,89,0,0,0,0,0,0,0,0,0,0,0,0,0
GoogleChromeLabs/squoosh,1d5fd98a3eacca210bb0a5061a1a10d3fb2c1364,squoosh,1.11.4,3.5.3,1600708802,89,0,0,0,0,0,0,0,0,0,0,0,0,0
GoogleChromeLabs/squoosh,1b886aa4e2940d5c68fc11c456c935bbcffb6389,squoosh,1.11.4,3.5.3,1600708860,89,0,0,0,0,0,0,0,0,0,0,0,0,0
GoogleChromeLabs/squoosh,261b3ad01348850978dd5be8ed0456e9fd53cb43,squoosh,1.11.4,3.5.3,1600729119,89,0,0,0,0,0,0,0,0,0,0,0,0,0
GoogleChromeLabs/squoosh,812e727de0e282d7a329586c6ac07f869d3620a8,squoosh,2.0.0,4.0.2,1600782027,115,0,0,0,0,0,0,0,0,0,0,0,0,0
GoogleChromeLabs/squoosh,fd151fc70d772642ef4eaa5d944d8a242fba0315,squoosh,2.0.0,4.0.2,1600791415,115,0,0,0,0,0,0,0,0,0,0,0,0,0
GoogleChromeLabs/squoosh,d2807ebb18fb372cad8ca6c25e7448f8f324c9e5,squoosh,2.0.0,4.0.2,1600792547,117,0,0,0,0,0,0,0,0,0,0,0,0,0
GoogleChromeLabs/squoosh,a30e38856e2e0c153ae925877616e9559f1533b2,squoosh,2.0.0,4.0.2,1600793331,117,0,0,0,0,0,0,0,0,0,0,0,0,0
GoogleChromeLabs/squoosh,657310375593c5dc9099d8b2361b783d5d44ad10,squoosh,2.0.0,4.0.2,1600855130,117,0,0,0,0,0,0,0,0,0,0,0,0,0
GoogleChromeLabs/squoosh,4ca7971442472ad7272aaed2ccb7a05f10a8ee31,squoosh,1.12.0,3.5.3,1600862303,87,0,0,0,0,0,0,0,0,0,0,0,0,0
GoogleChromeLabs/squoosh,455c868e554789aa5c68673a5ad75dc346a90c44,squoosh,2.0.0,4.0.3,1600868321,123,0,0,0,0,0,0,0,0,0,0,0,0,0
GoogleChromeLabs/squoosh,f5d9023ff3c84e08869f275fde960b3c0a8e63ff,squoosh,2.0.0,4.0.3,1600868653,123,0,0,0,0,0,0,0,0,0,0,0,0,0
GoogleChromeLabs/squoosh,c754016ac7460667a15231a9bec638a390100598,squoosh,1.12.0,3.5.3,1600872861,87,0,0,0,0,0,0,0,0,0,0,0,0,0
GoogleChromeLabs/squoosh,1fd1b3041d515aee02963e07cf0180492eda8917,squoosh,1.12.0,3.5.3,1600894326,87,0,0,0,0,0,0,0,0,0,0,0,0,0
GoogleChromeLabs/squoosh,8d991a256e3ad4e5036c32067b76bd73bc725045,squoosh,1.12.0,3.5.3,1600900251,87,0,0,0,0,0,0,0,0,0,0,0,0,0
GoogleChromeLabs/squoosh,6db70e5e27b9962831ecf9f9909fbdbc7a79ae76,squoosh,1.12.0,3.5.3,1600901674,87,0,0,0,0,0,0,0,0,0,0,0,0,0
GoogleChromeLabs/squoosh,65038c45bddf89ffe778319f3b76c5804568feeb,squoosh,1.12.0,3.5.3,1600901738,87,0,0,0,0,0,0,0,0,0,0,0,0,0
GoogleChromeLabs/squoosh,b7ef7f92beaf5ae4aee1b007a49bfdb6a5cea131,squoosh,1.12.0,3.5.3,1600901740,87,0,0,0,0,0,0,0,0,0,0,0,0,0
GoogleChromeLabs/squoosh,9c60d3286efd21dc24386f8ad5b897879554a7d2,squoosh,1.12.0,3.5.3,1600901972,89,0,0,0,0,0,0,0,0,0,0,0,0,0
GoogleChromeLabs/squoosh,1f50eeeb936c81443601fc8ff114bceff683ea62,squoosh,1.12.0,3.5.3,1600901975,91,0,0,0,0,0,0,0,0,0,0,0,0,0
GoogleChromeLabs/squoosh,41e3868a135a3e122706658c3c8b1f3c602ba11f,squoosh,1.12.0,3.5.3,1600902177,93,0,0,0,0,0,0,0,0,0,0,0,0,0
GoogleChromeLabs/squoosh,60dacff05eb73cb336f6a62595f2ab7b8e4d5414,squoosh,1.12.0,3.5.3,1600902180,93,0,0,0,0,0,0,0,0,0,0,0,0,0
GoogleChromeLabs/squoosh,0e3aa54dc8a33a65a2f0a44d8def14fcdb494ae6,squoosh,1.12.0,3.5.3,1600902182,93,0,0,0,0,0,0,0,0,0,0,0,0,0
GoogleChromeLabs/squoosh,7d822fa680d025eb9f6eafa80e9801bbfc55738b,squoosh,1.12.0,3.5.3,1600902240,93,0,0,0,0,0,0,0,0,0,0,0,0,0
GoogleChromeLabs/squoosh,ca81096d505a68199a998ad3ac70cd95b49f5aa2,squoosh,1.12.0,3.5.3,1600902299,93,0,0,0,0,0,0,0,0,0,0,0,0,0
GoogleChromeLabs/squoosh,5ae65e3cf2f3c6958c1411ed4cf754a475ff20e4,squoosh,1.12.0,3.5.3,1600907596,91,0,0,0,0,0,0,0,0,0,0,0,0,0
GoogleChromeLabs/squoosh,fdc9aac976864b1b9d2eb6f0fed67a0a2f53dd32,squoosh,1.12.0,3.5.3,1600910320,91,0,0,0,0,0,0,0,0,0,0,0,0,0
GoogleChromeLabs/squoosh,77d1e1dfe2967d05d603bb19cee7105876605edf,squoosh,1.12.0,3.5.3,1600913543,91,0,0,0,0,0,0,0,0,0,0,0,0,0
GoogleChromeLabs/squoosh,02e4eaf4b50771bac76f0f3b6e60548559c08a1f,squoosh,2.0.0,4.0.3,1600944581,123,0,0,0,0,0,0,0,0,0,0,0,0,0
GoogleChromeLabs/squoosh,fadb4c89f4fe96dd51c7841f7d25f1d779505402,squoosh,1.12.0,3.5.3,1600948732,91,0,0,0,0,0,0,0,0,0,0,0,0,0
GoogleChromeLabs/squoosh,684b041262cbecdb267788cf34445a0b1cff5270,squoosh,1.12.0,3.5.3,1600950572,92,0,0,0,0,0,0,0,0,0,0,0,0,0
GoogleChromeLabs/squoosh,486957443dec25a70c35e830ae8ed99005d9e448,squoosh,2.0.0,4.0.3,1600950653,123,0,0,0,0,0,0,0,0,0,0,0,0,0
GoogleChromeLabs/squoosh,778aa41f0dc2e58df461cfcaf4810f2e04886f5b,squoosh,2.0.0,4.0.3,1600957197,126,0,0,0,0,0,0,0,0,0,0,0,0,0
GoogleChromeLabs/squoosh,3f2466f44dc7488fe7a498397baf271853052186,squoosh,2.0.0,4.0.3,1600957213,126,0,0,0,0,0,0,0,0,0,0,0,0,0
GoogleChromeLabs/squoosh,e11b4cf22c5f909e684d5e87a3554de480a3619d,squoosh,2.0.0,4.0.3,1600965302,130,0,0,0,0,0,0,0,0,0,0,0,0,0
GoogleChromeLabs/squoosh,4c4f05f2e38130d627d1beac5ba26a6d26fb7d81,squoosh,1.12.0,3.5.3,1600991191,92,0,0,0,0,0,0,0,0,0,0,0,0,0
GoogleChromeLabs/squoosh,4d8efcea66c766bed60619ec182aa5388c9e24f3,squoosh,2.0.0,4.0.3,1601023099,130,0,0,0,0,0,0,0,0,0,0,0,0,0
GoogleChromeLabs/squoosh,f96ae9bdeedd1ca170ff049d081dd0d92514e95a,squoosh,2.0.0,4.0.3,1601035479,136,0,0,0,0,0,0,0,0,0,0,0,0,0
GoogleChromeLabs/squoosh,b47d6b46962fe51acab194269941f44e53a072e9,squoosh,2.0.0,4.0.3,1601038198,135,0,0,0,0,0,0,0,0,0,0,0,0,0
GoogleChromeLabs/squoosh,81d0b38dbd18eddcdad4a782ab77a22bd35ed5e7,squoosh,2.0.0,4.0.3,1601038663,135,0,0,0,0,0,0,0,0,0,0,0,0,0
GoogleChromeLabs/squoosh,11ada77c3037be1f37d6570f85ff8d1340fad1c7,squoosh,1.12.0,3.5.3,1601048249,92,0,0,0,0,0,0,0,0,0,0,0,0,0
GoogleChromeLabs/squoosh,b11ae0b8c784548a08e058091dc94f166f0da37d,squoosh,2.0.0,4.0.3,1601393773,135,0,0,0,0,0,0,0,0,0,0,0,0,0
GoogleChromeLabs/squoosh,db2d6f4ca6279b1c3ed5af5252973ec4a3beb513,squoosh,2.0.0,4.0.3,1601394298,135,0,0,0,0,0,0,0,0,0,0,0,0,0
GoogleChromeLabs/squoosh,7836d7e97cccfaff26dfebc1b9c2f1c395453968,squoosh,2.0.0,4.0.3,1601398579,139,0,0,0,0,0,0,0,0,0,0,0,0,0
GoogleChromeLabs/squoosh,63ac34a66227f524ae6eaeac375799fbfc7802f3,squoosh,1.12.0,3.5.3,1601420759,87,0,0,0,0,0,0,0,0,0,0,0,0,0
GoogleChromeLabs/squoosh,2ce1e76b72584a5229e9d13a589ff4723736da27,squoosh,1.12.0,3.5.3,1601480515,92,0,0,0,0,0,0,0,0,0,0,0,0,0
GoogleChromeLabs/squoosh,09f65d0cd78d73947a066b627f14c452c916405d,squoosh,1.11.4,3.5.3,1601951903,89,0,0,0,0,0,0,0,0,0,0,0,0,0
GoogleChromeLabs/squoosh,4487da9e9e448908a4bd871244e4ade698c45f88,squoosh,1.11.4,3.5.3,1601952336,89,0,0,0,0,0,0,0,0,0,0,0,0,0
GoogleChromeLabs/squoosh,4946268ae2642cb89b0fcf7ff76b82e45665f39e,squoosh,1.11.4,3.5.3,1601952606,89,0,0,0,0,0,0,0,0,0,0,0,0,0
GoogleChromeLabs/squoosh,49cb8b268c36205732342dec8794a6715f02e35d,squoosh,1.11.4,3.5.3,1601952649,89,0,0,0,0,0,0,0,0,0,0,0,0,0
GoogleChromeLabs/squoosh,911ca32c35e2434b42122a23a8cfc2c49c0b3d2c,squoosh,1.11.4,3.5.3,1601952683,89,0,0,0,0,0,0,0,0,0,0,0,0,0
GoogleChromeLabs/squoosh,612cee0011cc32aec78a65b1de7af3cb7faea16a,squoosh,1.11.4,3.5.3,1601952713,89,0,0,0,0,0,0,0,0,0,0,0,0,0
GoogleChromeLabs/squoosh,13c5b76af6aae54cdd8d5e81e49af459d720f9e7,squoosh,2.0.0,4.0.3,1602077363,141,0,0,0,0,0,0,0,0,0,0,0,0,0
GoogleChromeLabs/squoosh,0d298e3e0ab8124389565c70e8eab3e57cb6e75c,squoosh,2.0.0,4.0.3,1602080955,141,0,0,0,0,0,0,0,0,0,0,0,0,0
GoogleChromeLabs/squoosh,05416768d52c2433f189e151bdde854a30106575,squoosh,1.12.0,3.5.3,1602099768,91,0,0,0,0,0,0,0,0,0,0,0,0,0
GoogleChromeLabs/squoosh,47f9d22dd86a09f92523134244c6e0546d29227b,squoosh,1.12.0,3.5.3,1602099768,93,0,0,0,0,0,0,0,0,0,0,0,0,0
GoogleChromeLabs/squoosh,9420dba3bcfa339b2c79d7fcd37b50f677d1ae9c,squoosh,1.12.0,3.5.3,1602099768,91,0,0,0,0,0,0,0,0,0,0,0,0,0
GoogleChromeLabs/squoosh,e46287580705248e12612405d5a368be97d19621,squoosh,1.12.0,3.5.3,1602099768,87,0,0,0,0,0,0,0,0,0,0,0,0,0
GoogleChromeLabs/squoosh,82fadac70e36c82ace886f84f2409aa2357ed93f,squoosh,1.12.0,3.5.3,1602099768,93,0,0,0,0,0,0,0,0,0,0,0,0,0
GoogleChromeLabs/squoosh,4c658b79ef5603dc571b08a5bea8c2ebc89d41a9,squoosh,1.12.0,3.5.3,1602099768,87,0,0,0,0,0,0,0,0,0,0,0,0,0
GoogleChromeLabs/squoosh,685558847fd5cf1edb1d91e99e655e495f7f83a3,squoosh,1.12.0,3.5.3,1602099768,87,0,0,0,0,0,0,0,0,0,0,0,0,0
GoogleChromeLabs/squoosh,35d31f23246161847c64a93967484a96960a17fe,squoosh,1.12.0,3.5.3,1602099768,93,0,0,0,0,0,0,0,0,0,0,0,0,0
GoogleChromeLabs/squoosh,600eead0079658b596920a3a0d7819ad665a8607,squoosh,1.12.0,3.5.3,1602099768,91,0,0,0,0,0,0,0,0,0,0,0,0,0
GoogleChromeLabs/squoosh,02c113a68ffd8cd18baec85ddd8377c6294b5334,squoosh,1.12.0,3.5.3,1602099768,91,0,0,0,0,0,0,0,0,0,0,0,0,0
GoogleChromeLabs/squoosh,bae243ccdbf8c7eb051857e30fde579dd3d039f2,squoosh,1.12.0,3.5.3,1602099768,92,0,0,0,0,0,0,0,0,0,0,0,0,0
GoogleChromeLabs/squoosh,0747d2c419408a14d0bd68ae0fe67bf86a3426dd,squoosh,1.12.0,3.5.3,1602099768,87,0,0,0,0,0,0,0,0,0,0,0,0,0
GoogleChromeLabs/squoosh,0d0a9b4cdf61a05986b8859229d664462468daf4,squoosh,1.12.0,3.5.3,1602099768,92,0,0,0,0,0,0,0,0,0,0,0,0,0
GoogleChromeLabs/squoosh,a9d3bd71b5bff438ab89350460547b8db0e0197d,squoosh,1.12.0,3.5.3,1602099768,92,0,0,0,0,0,0,0,0,0,0,0,0,0
GoogleChromeLabs/squoosh,8c5c97e106294c352e7a9246e547bc4997ca8566,squoosh,1.12.0,3.5.3,1602099768,92,0,0,0,0,0,0,0,0,0,0,0,0,0
GoogleChromeLabs/squoosh,f583770696989d8354ad125603be65446f9f414e,squoosh,1.12.0,3.5.3,1602099768,92,0,0,0,0,0,0,0,0,0,0,0,0,0
GoogleChromeLabs/squoosh,bd4b67037bd910fdf522f08d6e8696553858e73f,squoosh,1.12.0,3.5.3,1602773336,92,0,0,0,0,0,0,0,0,0,0,0,0,0
GoogleChromeLabs/squoosh,396808b73de5010d982d7079f8fa17e711148134,squoosh,1.11.4,3.5.3,1603916147,93,0,0,0,0,0,0,0,0,0,0,0,0,0
GoogleChromeLabs/squoosh,80f00bc8cffece535bad2851cc060d5e435b33bb,squoosh,1.11.4,3.5.3,1603916160,93,0,0,0,0,0,0,0,0,0,0,0,0,0
GoogleChromeLabs/squoosh,5c8f0739a09a15ed99d957629ce3ba4f1980cdbb,squoosh,1.11.4,3.5.3,1603930367,93,0,0,0,0,0,0,0,0,0,0,0,0,0
GoogleChromeLabs/squoosh,6dab5e3ce779ae4640452b6fd782ffa1f6dbe5d3,squoosh,1.11.4,3.5.3,1603930397,93,0,0,0,0,0,0,0,0,0,0,0,0,0
GoogleChromeLabs/squoosh,dd7264753c183af1bf28d015893b5b7843d6aa51,squoosh,1.11.4,3.5.3,1603930430,93,0,0,0,0,0,0,0,0,0,0,0,0,0
GoogleChromeLabs/squoosh,1e2a54261d0f417607e4477c024540371a7e7786,squoosh,1.11.4,3.5.3,1603930464,93,0,0,0,0,0,0,0,0,0,0,0,0,0
GoogleChromeLabs/squoosh,a375a573172fd7fcf5448cc26d91f77869633b54,squoosh,1.11.4,3.5.3,1603974061,93,0,0,0,0,0,0,0,0,0,0,0,0,0
GoogleChromeLabs/squoosh,06b0136373dddc26fbe513110ace7c5d54767ccb,squoosh,1.11.4,3.5.3,1603976357,93,0,0,0,0,0,0,0,0,0,0,0,0,0
GoogleChromeLabs/squoosh,fc9bd5bf08a2eff4e8deb7f2eccb36f3c3eade70,squoosh,1.11.4,3.5.3,1604061029,93,0,0,0,0,0,0,0,0,0,0,0,0,0
GoogleChromeLabs/squoosh,c214a7a9427de732ba13d6d3e1041453815d5827,squoosh,1.11.4,3.5.3,1604061029,93,0,0,0,0,0,0,0,0,0,0,0,0,0
GoogleChromeLabs/squoosh,cc6ea9e11c07d4948736524c21213523adff9854,squoosh,1.12.0,3.5.3,1604321172,92,0,0,0,0,0,0,0,0,0,0,0,0,0
GoogleChromeLabs/squoosh,f523db64037c13a51129a3b722d51ec4dcd46302,squoosh,1.12.0,3.5.3,1604325281,92,0,0,0,0,0,0,0,0,0,0,0,0,0
GoogleChromeLabs/squoosh,81c183b0d6085aa550e210d2affe0e2baff82b13,squoosh,1.12.0,3.5.3,1604325281,92,0,0,0,0,0,0,0,0,0,0,0,0,0
GoogleChromeLabs/squoosh,5df7dd7590597fba80e7c1b47688ab25455ca404,squoosh,1.12.0,3.5.3,1604325281,92,0,0,0,0,0,0,0,0,0,0,0,0,0
GoogleChromeLabs/squoosh,013946b13775dd536d5b064d196e1efb8040e416,squoosh,1.12.0,3.5.3,1604325281,92,0,0,0,0,0,0,0,0,0,0,0,0,0
GoogleChromeLabs/squoosh,af954bd9e07f650f7b7fa171271474f339748e66,squoosh,1.11.4,3.5.3,1604328929,89,0,0,0,0,0,0,0,0,0,0,0,0,0
GoogleChromeLabs/squoosh,75d571cb6c9d35dcddfc89e87935b95d01ccbc34,squoosh,1.11.4,3.5.3,1604330047,89,0,0,0,0,0,0,0,0,0,0,0,0,0
GoogleChromeLabs/squoosh,67c64d4df378d6c9e23f32155098b7402543a51d,squoosh,1.11.4,3.5.3,1604333398,89,0,0,0,0,0,0,0,0,0,0,0,0,0
GoogleChromeLabs/squoosh,106d733fec8ae2bc6e94c398e68363ea1ca10af7,squoosh,1.11.4,3.5.3,1604336369,89,0,0,0,0,0,0,0,0,0,0,0,0,0
GoogleChromeLabs/squoosh,67df305594469ebaca327df8bdfd1f3f0c178523,squoosh,1.11.4,3.5.3,1604336414,89,0,0,0,0,0,0,0,0,0,0,0,0,0
GoogleChromeLabs/squoosh,fd87ae7d2a2dbd9295f5a301d3884011ef2f481a,squoosh,1.12.0,3.5.3,1604338655,92,0,0,0,0,0,0,0,0,0,0,0,0,0
GoogleChromeLabs/squoosh,de1eb762265d9772065ac712a3acf321741b06bb,squoosh,1.12.0,3.5.3,1604339446,93,0,0,0,0,0,0,0,0,0,0,0,0,0
GoogleChromeLabs/squoosh,3697635baead3c749b05d3c2bd0a15ffbe6d489c,squoosh,1.12.0,3.5.3,1604339450,93,0,0,0,0,0,0,0,0,0,0,0,0,0
GoogleChromeLabs/squoosh,36d23644aa049ba73c4d78a0de7cf6a2616f497f,squoosh,1.12.0,3.5.3,1604339455,97,0,0,0,0,0,0,0,0,0,0,0,0,0
GoogleChromeLabs/squoosh,98bc1519075451901a7a1b82b474424c53b14b51,squoosh,1.12.0,3.5.3,1604339458,98,0,0,0,0,0,0,0,0,0,0,0,0,0
GoogleChromeLabs/squoosh,e1dd2796c1064993f33fbfcbb1120f0caae5174d,squoosh,1.12.0,3.5.3,1604339461,98,0,0,0,0,0,0,0,0,0,0,0,0,0
GoogleChromeLabs/squoosh,b5ad52cfcf41e8204adb524d906d31f356c8a84f,squoosh,1.12.0,3.5.3,1604339464,98,0,0,0,0,0,0,0,0,0,0,0,0,0
GoogleChromeLabs/squoosh,e26d8895a4662347c8337632ed35ae8b3598e848,squoosh,1.12.0,3.5.3,1604339468,98,0,0,0,0,0,0,0,0,0,0,0,0,0
GoogleChromeLabs/squoosh,b8d0d5202d7b08d2248bbfcda12a660f1b3d83ac,squoosh,1.12.0,3.5.3,1604339477,98,0,0,0,0,0,0,0,0,0,0,0,0,0
GoogleChromeLabs/squoosh,18f7591c6aa2d5f77bd4b10df264bf1e5c9143b6,squoosh,1.12.0,3.5.3,1604339482,98,0,0,0,0,0,0,0,0,0,0,0,0,0
GoogleChromeLabs/squoosh,44a5b4921a06f8b8b9b07e4706218e523e575651,squoosh,1.12.0,3.5.3,1604339485,98,0,0,0,0,0,0,0,0,0,0,0,0,0
GoogleChromeLabs/squoosh,045cb14c54fb1f0e6424e54c0f8654ed12e680ef,squoosh,1.12.0,3.5.3,1604339489,98,0,0,0,0,0,0,0,0,0,0,0,0,0
GoogleChromeLabs/squoosh,c2218bce901b397e59108e5e95db8437a17b1385,squoosh,1.12.0,3.5.3,1604339493,98,0,0,0,0,0,0,0,0,0,0,0,0,0
GoogleChromeLabs/squoosh,7e97b36249c99aa2c36801e9468dea47b979ee28,squoosh,1.12.0,3.5.3,1604339497,98,0,0,0,0,0,0,0,0,0,0,0,0,0
GoogleChromeLabs/squoosh,df28fd434c805493415916c3d1ae512dddce23ba,squoosh,1.12.0,3.5.3,1604339500,98,0,0,0,0,0,0,0,0,0,0,0,0,0
GoogleChromeLabs/squoosh,246d3ed6b3bad032663d9fce4beaa8bf08544ae6,squoosh,1.12.0,3.5.3,1604339504,98,0,0,0,0,0,0,0,0,0,0,0,0,0
GoogleChromeLabs/squoosh,0e76dffaad8021d7e151e94ffa812df36c01b120,squoosh,1.12.0,3.5.3,1604339507,98,0,0,0,0,0,0,0,0,0,0,0,0,0
GoogleChromeLabs/squoosh,2c9f447399b9d8d5d7c23a9e98637ad755532cb9,squoosh,1.12.0,3.5.3,1604339510,98,0,0,0,0,0,0,0,0,0,0,0,0,0
GoogleChromeLabs/squoosh,d9f65701e1c48f305672e21a2ab0bf4d4b5a9b5a,squoosh,1.12.0,3.5.3,1604339513,98,0,0,0,0,0,0,0,0,0,0,0,0,0
GoogleChromeLabs/squoosh,4dab94686a8ef8dc1a672f1084b696b5253f7ef8,squoosh,1.12.0,3.5.3,1604339516,98,0,0,0,0,0,0,0,0,0,0,0,0,0
GoogleChromeLabs/squoosh,e00814ebe2a32643e9dc71c1a389751d615e21b7,squoosh,1.12.0,3.5.3,1604339519,98,0,0,0,0,0,0,0,0,0,0,0,0,0
GoogleChromeLabs/squoosh,5df81ad062c35ce22a7728d356a10c449984c910,squoosh,1.12.0,3.5.3,1604339521,98,0,0,0,0,0,0,0,0,0,0,0,0,0
GoogleChromeLabs/squoosh,93474b025ea650839114bf2056f8b96b34375263,squoosh,1.12.0,3.5.3,1604339524,98,0,0,0,0,0,0,0,0,0,0,0,0,0
GoogleChromeLabs/squoosh,eed44dff9799211ce4837cf348571b504df644ed,squoosh,1.12.0,3.5.3,1604339526,98,0,0,0,0,0,0,0,0,0,0,0,0,0
GoogleChromeLabs/squoosh,eb08d0049a1baa0ceda66ac1b34f5f97c4050270,squoosh,1.12.0,3.5.3,1604339528,98,0,0,0,0,0,0,0,0,0,0,0,0,0
GoogleChromeLabs/squoosh,e581075f649ad2e639e7929fa39d828e61f30dab,squoosh,1.12.0,3.5.3,1604339530,98,0,0,0,0,0,0,0,0,0,0,0,0,0
GoogleChromeLabs/squoosh,fcde9633abf39f4979b61e99573790d4a890c430,squoosh,1.12.0,3.5.3,1604339533,98,0,0,0,0,0,0,0,0,0,0,0,0,0
GoogleChromeLabs/squoosh,d808c727983970d44a8f21f7eb3748bdc957fedf,squoosh,1.12.0,3.5.3,1604339537,98,0,0,0,0,0,0,0,0,0,0,0,0,0
GoogleChromeLabs/squoosh,e60ffddfd75cec8df38da38d14f2b5aa4d1792c9,squoosh,1.12.0,3.5.3,1604339541,98,0,0,0,0,0,0,0,0,0,0,0,0,0
GoogleChromeLabs/squoosh,83d5357ac0949487646864bca3a8fad723190f5e,squoosh,1.12.0,3.5.3,1604407933,104,0,0,0,0,0,0,0,0,0,0,0,0,0
GoogleChromeLabs/squoosh,2c560659a799fa48411923416fdfb56f9caf49e0,squoosh,1.12.0,3.5.3,1604407933,104,0,0,0,0,0,0,0,0,0,0,0,0,0
GoogleChromeLabs/squoosh,c5446f234c71723b9664b52ca9849d6785e7093a,squoosh,1.12.0,3.5.3,1604407933,104,0,0,0,0,0,0,0,0,0,0,0,0,0
GoogleChromeLabs/squoosh,bb6893e02562fa562bd287adc0779b4438e2fae6,squoosh,1.12.0,3.5.3,1604407933,104,0,0,0,0,0,0,0,0,0,0,0,0,0
GoogleChromeLabs/squoosh,2a31a1bd8420d9c6507ce810be7eacca29470e11,squoosh,1.12.0,3.5.3,1604407933,104,0,0,0,0,0,0,0,0,0,0,0,0,0
GoogleChromeLabs/squoosh,90706159fc6f5ae2ff149e00aa6ea7237e94a545,squoosh,1.12.0,3.5.3,1604407933,104,0,0,0,0,0,0,0,0,0,0,0,0,0
GoogleChromeLabs/squoosh,b4c7792a93c118e38be77ceb69119bef29a11b40,squoosh,1.12.0,3.5.3,1604407933,104,0,0,0,0,0,0,0,0,0,0,0,0,0
GoogleChromeLabs/squoosh,c78f0c3747a62e28da31733d00c33308c6a47d2c,squoosh,1.12.0,3.5.3,1604407933,104,0,0,0,0,0,0,0,0,0,0,0,0,0
GoogleChromeLabs/squoosh,0ba4b7cbd6c2460ae9518bc34c48c2cc2182870b,squoosh,1.12.0,3.5.3,1604407933,104,0,0,0,0,0,0,0,0,0,0,0,0,0
GoogleChromeLabs/squoosh,259597a70b8c3ff98cc0c67815226a98e35a5139,squoosh,1.12.0,3.5.3,1604407933,104,0,0,0,0,0,0,0,0,0,0,0,0,0
GoogleChromeLabs/squoosh,18b2bd11354c38d2f457be4f09dd0e7e48d340ee,squoosh,1.12.0,3.5.3,1604407933,104,0,0,0,0,0,0,0,0,0,0,0,0,0
GoogleChromeLabs/squoosh,8155fc2f1fe027221de2bac9f17ce23942d2effc,squoosh,1.12.0,3.5.3,1604407933,104,0,0,0,0,0,0,0,0,0,0,0,0,0
GoogleChromeLabs/squoosh,4b8c0178fea89ed768e0d04bbd3bf152163b959c,squoosh,2.0.0,4.0.3,1604658326,143,0,0,0,0,0,0,0,0,0,0,0,0,0
GoogleChromeLabs/squoosh,ec586bb52974034113b3bce76a509d5be10248fd,squoosh,2.0.0,4.0.3,1604667912,156,0,0,0,0,0,0,0,0,0,0,0,0,0
GoogleChromeLabs/squoosh,1cb1c16fa28aa65b8fd3f5b0981167cb67687ded,squoosh,2.0.0,4.0.3,1604681257,158,0,0,0,0,0,0,0,0,0,0,0,0,0
GoogleChromeLabs/squoosh,a360191759ac786ba61c546c9c2dc959d819e181,squoosh,2.0.0,4.0.3,1604836893,168,0,0,0,0,0,0,0,0,0,0,0,0,0
GoogleChromeLabs/squoosh,6dbb182f7bc05bd44c6adc93d8a581e082d76a47,squoosh,2.0.0,4.0.3,1604841325,166,0,0,0,0,0,0,0,0,0,0,0,0,0
GoogleChromeLabs/squoosh,b1a639c1826f334f4ab161dd918f5958fb21dd23,squoosh,2.0.0,4.0.3,1604841914,166,0,0,0,0,0,0,0,0,0,0,0,0,0
GoogleChromeLabs/squoosh,4da18878265ede27337adc12839005538bf6861b,squoosh,2.0.0,4.0.3,1604917765,166,0,0,0,0,0,0,0,0,0,0,0,0,0
GoogleChromeLabs/squoosh,5a027c772708eef4a79d11b901aa66f6780a15e0,squoosh,2.0.0,4.0.3,1604919275,166,0,0,0,0,0,0,0,0,0,0,0,0,0
GoogleChromeLabs/squoosh,4502abb069899d3f6df15c3a6dd14ba7ee19c558,squoosh,2.0.0,4.0.3,1604919488,166,0,0,0,0,0,0,0,0,0,0,0,0,0
GoogleChromeLabs/squoosh,c17b5c36c69ab7752bb6f1cc8a36a12f5f5f156d,squoosh,2.0.0,4.0.3,1604922829,166,0,0,0,0,0,0,0,0,0,0,0,0,0
GoogleChromeLabs/squoosh,9111aa89ae8cb45da15066fdc26e701b254f3be5,squoosh,2.0.0,4.0.3,1604924056,167,0,0,0,0,0,0,0,0,0,0,0,0,0
GoogleChromeLabs/squoosh,b6fd14b6d30df284aed242a528100ad17c422686,squoosh,2.0.0,4.0.3,1604944938,167,0,0,0,0,0,0,0,0,0,0,0,0,0
GoogleChromeLabs/squoosh,324c2b6cab63723ef32f9c9598f874139b40e132,squoosh,2.0.0,4.0.3,1605008730,167,0,0,0,0,0,0,0,0,0,0,0,0,0
GoogleChromeLabs/squoosh,6d0d9dc0223548950f77ec35d61f2f48916f2315,squoosh,2.0.0,4.0.3,1605009448,167,0,0,0,0,0,0,0,0,0,0,0,0,0
GoogleChromeLabs/squoosh,196e6e1aea02d085d2b245fb00b3d9e1d0e47cba,squoosh,2.0.0,4.0.3,1605013951,171,0,0,0,0,0,0,0,0,0,0,0,0,0
GoogleChromeLabs/squoosh,be4601b93a3d518afdff639d3ecfe5bc5de31042,squoosh,2.0.0,4.0.3,1605096725,167,0,0,0,0,0,0,0,0,0,0,0,0,0
GoogleChromeLabs/squoosh,56f9d4b8c86144a9a7f130f5f92e897d0ac5667a,squoosh,2.0.0,4.0.5,1605106179,165,0,0,0,0,0,0,0,0,0,0,0,0,0
GoogleChromeLabs/squoosh,2d21406484d6e5e19bb0c5415e54f0dec539dd2e,squoosh,2.0.0,4.0.5,1605108537,92,0,0,0,0,0,0,0,0,0,0,0,0,0
GoogleChromeLabs/squoosh,b38069695a56cbfb9978c9dfad75b9813dcf4538,squoosh,2.0.0,4.0.5,1605108917,92,0,0,0,0,0,0,0,0,0,0,0,0,0
GoogleChromeLabs/squoosh,7dfc9310ba929a42f17f5999a495204a30273356,squoosh,2.0.0,4.0.5,1605109817,92,0,0,0,0,0,0,0,0,0,0,0,0,0
GoogleChromeLabs/squoosh,b412d4c2a56129c7a154568e60aa0d983fc21112,squoosh,2.0.0,4.0.5,1605110369,92,0,0,0,0,0,0,0,0,0,0,0,0,0
GoogleChromeLabs/squoosh,964390501ef1461a9e037ba62bbf896e124a1b3b,squoosh,2.0.0,4.0.5,1605111384,92,0,0,0,0,0,0,0,0,0,0,0,0,0
GoogleChromeLabs/squoosh,eb9d0d186cb32359f679d17cd7d2f46c41df74d2,squoosh,2.0.0,4.0.5,1605113340,92,0,0,0,0,0,0,0,0,0,0,0,0,0
GoogleChromeLabs/squoosh,52b3d0063fd141bdae4e9b7d55cf1c0b1f181ee3,squoosh,2.0.0,4.0.5,1605113867,92,0,0,0,0,0,0,0,0,0,0,0,0,0
GoogleChromeLabs/squoosh,f1da577ba325bc995d1ef4b4b1223abfa7b78877,squoosh,2.0.0,4.0.5,1605184114,92,0,0,0,0,0,0,0,0,0,0,0,0,0
GoogleChromeLabs/squoosh,d1ee92e8845b830b8d28a5fc818541b3bf76a77b,squoosh,2.0.0,4.0.5,1605189590,92,0,0,0,0,0,0,0,0,0,0,0,0,0
GoogleChromeLabs/squoosh,1b80dd23eeacc69153ce829ff9886b16f70eb6ab,squoosh,2.0.0,4.0.5,1605189610,92,0,0,0,0,0,0,0,0,0,0,0,0,0
GoogleChromeLabs/squoosh,fc490b48ff318c4b23cb5f8b08e36dddbf628db8,squoosh,1.11.4,3.5.3,1605190543,81,0,0,0,0,0,0,0,0,0,0,0,0,0
GoogleChromeLabs/squoosh,b489d9cd5b76db246e9a853ce5fcc7934107c08f,squoosh,1.11.4,3.5.3,1605190605,81,0,0,0,0,0,0,0,0,0,0,0,0,0
GoogleChromeLabs/squoosh,39ca054112dbd245d717f214e3156e2dcb7b5bc4,squoosh,2.0.0,4.0.5,1605193805,92,0,0,0,0,0,0,0,0,0,0,0,0,0
GoogleChromeLabs/squoosh,e691860999ff5499da2cb4ba10ae1e9d8239c7e4,squoosh,1.12.0,3.5.3,1605780942,92,0,0,0,0,0,0,0,0,0,0,0,0,0
GoogleChromeLabs/squoosh,7346511fa178f253cb09a0a6c9ef3c715a7b7588,squoosh,2.0.0,4.0.5,1605783343,100,0,0,0,0,0,0,0,0,0,0,0,0,0
GoogleChromeLabs/squoosh,56e10b3aa2e74f0cba11e4c1d8d685dd7f0c2afe,squoosh,2.0.0,4.0.5,1605783623,100,0,0,0,0,0,0,0,0,0,0,0,0,0
GoogleChromeLabs/squoosh,6da590c7d069c88daff1c10eca04811766116286,squoosh,2.0.0,4.0.5,1605784349,103,0,0,0,0,0,0,0,0,0,0,0,0,0
GoogleChromeLabs/squoosh,e995b445ef6e707ce15483d178a061acd45670a2,squoosh,2.0.0,4.0.5,1605784804,103,0,0,0,0,0,0,0,0,0,0,0,0,0
GoogleChromeLabs/squoosh,a229662bed2bfeaba9749ff88128e75e24b75f3b,squoosh,2.0.0,4.0.5,1605785223,103,0,0,0,0,0,0,0,0,0,0,0,0,0
GoogleChromeLabs/squoosh,6ebf94d1b6185824d6f279ab8ba3ead471bf596f,squoosh,2.0.0,4.0.5,1605785712,103,0,0,0,0,0,0,0,0,0,0,0,0,0
GoogleChromeLabs/squoosh,dc2f2e48c92f680075a2f1b09d211af0fed6c80b,squoosh,1.12.0,3.5.3,1605788228,92,0,0,0,0,0,0,0,0,0,0,0,0,0
GoogleChromeLabs/squoosh,30b628c1b92d6aeb4c82a07d05119f0be17d931b,squoosh,2.0.0,4.0.5,1605798231,103,0,0,0,0,0,0,0,0,0,0,0,0,0
GoogleChromeLabs/squoosh,d945c79796bc99ddc9a3233751ebe839f0d975cf,squoosh,2.0.0,4.0.5,1605862424,103,0,0,0,0,0,0,0,0,0,0,0,0,0
GoogleChromeLabs/squoosh,10c5ed04954453117dce3ab0304be6ade9875daa,squoosh,2.0.0,4.0.5,1605869321,103,0,0,0,0,0,0,0,0,0,0,0,0,0
GoogleChromeLabs/squoosh,f0221b626d67fc7641b4d7c2068cba629fe58a01,squoosh,2.0.0,4.0.5,1605873103,103,0,0,0,0,0,0,0,0,0,0,0,0,0
GoogleChromeLabs/squoosh,f11e692d585ffa45f34c206c5a93e734deb7ad75,squoosh,2.0.0,4.0.5,1605888717,103,0,0,0,0,0,0,0,0,0,0,0,0,0
GoogleChromeLabs/squoosh,13631f1cfc6f21f9918e4545f2442c5e70444356,squoosh,2.0.0,4.0.5,1605888758,103,0,0,0,0,0,0,0,0,0,0,0,0,0
GoogleChromeLabs/squoosh,f77ddac652a8528b317e9cf63f4f627969fbb1a2,squoosh,2.0.0,4.0.5,1605908220,103,0,0,0,0,0,0,0,0,0,0,0,0,0
GoogleChromeLabs/squoosh,7f08348509df68950475a38e35e9e0060aab2c49,squoosh,2.0.0,4.0.5,1605908258,103,0,0,0,0,0,0,0,0,0,0,0,0,0
GoogleChromeLabs/squoosh,10bfd60e201b9377281647c93f2c7c58a19c90ff,squoosh,2.0.0,4.0.5,1605908358,103,0,0,0,0,0,0,0,0,0,0,0,0,0
GoogleChromeLabs/squoosh,8f7369068c6140df006799b0fc61cc5cf550c766,squoosh,2.0.0,4.0.5,1605908517,103,0,0,0,0,0,0,0,0,0,0,0,0,0
GoogleChromeLabs/squoosh,beaabe47dc367a7caf093d9640b7fd310f12398b,squoosh,2.0.0,4.0.5,1605910131,103,0,0,0,0,0,0,0,0,0,0,0,0,0
GoogleChromeLabs/squoosh,f450373e3f89f46ffac410cf210bcc3767479af7,squoosh,2.0.0,4.0.5,1605910881,100,0,0,0,0,0,0,0,0,0,0,0,0,0
GoogleChromeLabs/squoosh,750872aca60afc84453f23b96abbf71bb9656e30,squoosh,2.0.0,4.0.5,1605910881,100,0,0,0,0,0,0,0,0,0,0,0,0,0
GoogleChromeLabs/squoosh,613401c541288a661123581dc9e15fa9dcbccb18,squoosh,2.0.0,4.0.5,1605910881,100,0,0,0,0,0,0,0,0,0,0,0,0,0
GoogleChromeLabs/squoosh,a699a5c4dc4496608e22ea01ec7ded548c43e000,squoosh,2.0.0,4.0.5,1605911269,100,0,0,0,0,0,0,0,0,0,0,0,0,0
GoogleChromeLabs/squoosh,3ae1cf86f51c0c29ee5b7999317a0a3ee04db086,squoosh,2.0.0,4.0.5,1605930990,100,0,0,0,0,0,0,0,0,0,0,0,0,0
GoogleChromeLabs/squoosh,25fb1a9c80eec459c38af3c228b593dd206ce06b,squoosh,2.0.0,4.0.5,1606141241,100,0,0,0,0,0,0,0,0,0,0,0,0,0
GoogleChromeLabs/squoosh,3d1ecc121535dd08b0abbfd1562318542a6e41d7,squoosh,2.0.0,4.0.5,1606141401,100,0,0,0,0,0,0,0,0,0,0,0,0,0
GoogleChromeLabs/squoosh,49620e4c8f23c81a733a77992f3abe4e08a4d7d9,squoosh,2.0.0,4.0.5,1606147172,100,0,0,0,0,0,0,0,0,0,0,0,0,0
GoogleChromeLabs/squoosh,be3ab8b6d175ba5d02b7a393080d3ae61d8b0968,squoosh,2.0.0,4.0.5,1606311588,101,0,0,0,0,0,0,0,0,0,0,0,0,0
GoogleChromeLabs/squoosh,4d5761c780f1fba34cffaef84882976b948b21ce,squoosh,2.0.0,4.0.5,1606313274,101,0,0,0,0,0,0,0,0,0,0,0,0,0
GoogleChromeLabs/squoosh,fcef2b2d3ef5c6eed0bf592b1cf7527b2ce38b11,squoosh,2.0.0,4.0.5,1606317233,102,0,0,0,0,0,0,0,0,0,0,0,0,0
GoogleChromeLabs/squoosh,6fa13b919b1d5e0878b149e8f582a2bb503f5ece,squoosh,2.0.0,4.0.5,1606318259,102,0,0,0,0,0,0,0,0,0,0,0,0,0
GoogleChromeLabs/squoosh,4aaa5ffa78dd3b2a6c7383cc0828e0317410fd63,squoosh,2.0.0,4.0.5,1606319675,102,0,0,0,0,0,0,0,0,0,0,0,0,0
GoogleChromeLabs/squoosh,2d1a3b543a09af17f941e2e9e41f93d4b4b9d18b,squoosh,2.0.0,4.0.5,1606322149,102,0,0,0,0,0,0,0,0,0,0,0,0,0
GoogleChromeLabs/squoosh,9e1fb6dfb453167ee7cea045812c69a07c8723fb,squoosh,2.0.0,4.0.5,1606390730,102,0,0,0,0,0,0,0,0,0,0,0,0,0
GoogleChromeLabs/squoosh,e8948167dbb6519ab49459f78e632f80c5bad2d1,squoosh,2.0.0,4.0.5,1606394048,102,0,0,0,0,0,0,0,0,0,0,0,0,0
GoogleChromeLabs/squoosh,251dc2ce9bcf4f3c699b483984c4dc37933dc39b,squoosh,2.0.0,4.0.5,1606397483,102,0,0,0,0,0,0,0,0,0,0,0,0,0
GoogleChromeLabs/squoosh,a2c465abdfa27cd838e6f0c4a0a6c7c1039ec070,squoosh,2.0.0,4.0.5,1606402028,102,0,0,0,0,0,0,0,0,0,0,0,0,0
GoogleChromeLabs/squoosh,4c03ceee047658286a5ee5baef42aa9bd8cb6c57,squoosh,2.0.0,4.0.5,1606403615,102,0,0,0,0,0,0,0,0,0,0,0,0,0
GoogleChromeLabs/squoosh,903c8b5d021d3324993dbf82404f703378d6e97b,squoosh,2.0.0,4.0.5,1606405236,102,0,0,0,0,0,0,0,0,0,0,0,0,0
GoogleChromeLabs/squoosh,4abc7f40d1e7ac9c43178aeabad2bd8fbd8adde8,squoosh,2.0.0,4.0.5,1606406923,102,0,0,0,0,0,0,0,0,0,0,0,0,0
GoogleChromeLabs/squoosh,be818caf489714d53075c87e20bf193564ca3f37,squoosh,2.0.0,4.0.5,1606406935,102,0,0,0,0,0,0,0,0,0,0,0,0,0
GoogleChromeLabs/squoosh,c78ad6c795c5fa23b5ce12c23314196bdbc01f51,squoosh,2.0.0,4.0.5,1606410156,102,0,0,0,0,0,0,0,0,0,0,0,0,0
GoogleChromeLabs/squoosh,067ce686b5056badd4726fce399dba29fc19d034,squoosh,2.0.0,4.0.5,1606471420,102,0,0,0,0,0,0,0,0,0,0,0,0,0
GoogleChromeLabs/squoosh,eeafef4e1428c82ab43adb69a1c40cf73c447dd8,squoosh,2.0.0,4.0.5,1606473742,102,0,0,0,0,0,0,0,0,0,0,0,0,0
GoogleChromeLabs/squoosh,be5a96a42aad211f83e32b66267bff31035b2c6c,squoosh,2.0.0,4.0.5,1606475191,102,0,0,0,0,0,0,0,0,0,0,0,0,0
GoogleChromeLabs/squoosh,8d9ed5ad3e4ec4708566b2d9e89388131604fde7,squoosh,2.0.0,4.0.5,1606476126,102,0,0,0,0,0,0,0,0,0,0,0,0,0
GoogleChromeLabs/squoosh,8f21972e700e7297a2dacf6f9bc9b698956c6428,squoosh,2.0.0,4.0.5,1606477040,102,0,0,0,0,0,0,0,0,0,0,0,0,0
GoogleChromeLabs/squoosh,02e02062851e393c63e0699c12e4514ccf5b4252,squoosh,2.0.0,4.0.5,1606477750,102,0,0,0,0,0,0,0,0,0,0,0,0,0
GoogleChromeLabs/squoosh,b1fc4d1c57b33c380c22aa711dc52989ae900a26,squoosh,2.0.0,4.0.5,1606483593,102,0,0,0,0,0,0,0,0,0,0,0,0,0
GoogleChromeLabs/squoosh,62102fecab4080d2cdae8de8cee181531c36c2b2,squoosh,2.0.0,4.0.5,1606488539,102,0,0,0,0,0,0,0,0,0,0,0,0,0
GoogleChromeLabs/squoosh,59713b76873a50d900e2c6ea5ea31aa0b811499c,squoosh,2.0.0,4.0.5,1606490440,102,0,0,0,0,0,0,0,0,0,0,0,0,0
GoogleChromeLabs/squoosh,74477dfe6b8f84bc0a135264622ee00d089920b0,squoosh,2.0.0,4.0.5,1606491297,102,0,0,0,0,0,0,0,0,0,0,0,0,0
GoogleChromeLabs/squoosh,0e6610c007e7f37acdcb6ff1755764176b48040f,squoosh,2.0.0,4.0.5,1606495373,102,0,0,0,0,0,0,0,0,0,0,0,0,0
GoogleChromeLabs/squoosh,9988505b2c91730b1bca5b36123298cb8365bb05,squoosh,2.0.0,4.0.5,1606745710,102,0,0,0,0,0,0,0,0,0,0,0,0,0
GoogleChromeLabs/squoosh,0371cfd292fe515042afc2b70e4e82900cff302f,squoosh,2.0.0,4.0.5,1606828348,101,0,0,0,0,0,0,0,0,0,0,0,0,0
GoogleChromeLabs/squoosh,46764f337562948ca30d5574c8ff643cb872a6e5,squoosh,2.0.0,4.0.5,1606828475,101,0,0,0,0,0,0,0,0,0,0,0,0,0
GoogleChromeLabs/squoosh,4f4eaf01b709b4fb67b02cb0db5b144645ac3e4b,squoosh,2.0.0,4.0.5,1606833390,103,0,0,0,0,0,0,0,0,0,0,0,0,0
GoogleChromeLabs/squoosh,19fab33d3c0ce1446df3f2b7fcbe83c1b75d7b70,squoosh,2.0.0,4.0.5,1606833390,103,0,0,0,0,0,0,0,0,0,0,0,0,0
GoogleChromeLabs/squoosh,990018f758829405f377923af2ccd4fc537ca694,squoosh,2.0.0,4.0.5,1606833390,103,0,0,0,0,0,0,0,0,0,0,0,0,0
GoogleChromeLabs/squoosh,0ded493489ceff29e3ed20a6ceff8e8a9c37331b,squoosh,2.0.0,4.0.5,1606833390,103,0,0,0,0,0,0,0,0,0,0,0,0,0
GoogleChromeLabs/squoosh,d15dba7d20699de57085af5e86adb081ad480a4f,squoosh,2.0.0,4.0.5,1606833390,103,0,0,0,0,0,0,0,0,0,0,0,0,0
GoogleChromeLabs/squoosh,73499d4a271a964db7ecda747221720e725d02e2,squoosh,2.0.0,4.0.5,1606833390,104,0,0,0,0,0,0,0,0,0,0,0,0,0
GoogleChromeLabs/squoosh,618a4d777bfcd61ce3fa07402d1d9a3a91dd9424,squoosh,2.0.0,4.0.5,1606833390,103,0,0,0,0,0,0,0,0,0,0,0,0,0
GoogleChromeLabs/squoosh,869d3f77325134ee069cc596e90c30fb530b41b1,squoosh,2.0.0,4.0.5,1606833390,103,0,0,0,0,0,0,0,0,0,0,0,0,0
GoogleChromeLabs/squoosh,8581785869e34b5a1be64e9b66680d714d5aba19,squoosh,2.0.0,4.0.5,1606833390,102,0,0,0,0,0,0,0,0,0,0,0,0,0
GoogleChromeLabs/squoosh,198ad0fb1b0ba8fe73a01d2ce8bd765ff57904c0,squoosh,2.0.0,4.0.5,1606833390,102,0,0,0,0,0,0,0,0,0,0,0,0,0
GoogleChromeLabs/squoosh,f0d341aefa9f9e6d01fe6ff7a21e181734ac7f57,squoosh,2.0.0,4.0.5,1606833390,101,0,0,0,0,0,0,0,0,0,0,0,0,0
GoogleChromeLabs/squoosh,195762f64fd09d3ccdcd48ccae9d89c37d582e70,squoosh,2.0.0,4.0.5,1606833390,101,0,0,0,0,0,0,0,0,0,0,0,0,0
GoogleChromeLabs/squoosh,a951096aaa4336a4edcc2a9f3bf9b9f38ff09c06,squoosh,2.0.0,4.0.5,1606833390,100,0,0,0,0,0,0,0,0,0,0,0,0,0
GoogleChromeLabs/squoosh,24d241564edcad281476557628630f0749c07c1f,squoosh,2.0.0,4.0.5,1606833390,100,0,0,0,0,0,0,0,0,0,0,0,0,0
GoogleChromeLabs/squoosh,6f19d027b40634952fbf2a26eb51994b8aa7abdb,squoosh,2.0.0,4.0.5,1606833390,103,0,0,0,0,0,0,0,0,0,0,0,0,0
GoogleChromeLabs/squoosh,7266c94f52ea24ae705cf20d02e887bcdf8bf517,squoosh,2.0.0,4.0.5,1606833390,103,0,0,0,0,0,0,0,0,0,0,0,0,0
GoogleChromeLabs/squoosh,69e62339e61629a83080f355eadb9642f0032de2,squoosh,2.0.0,4.0.5,1606833390,101,0,0,0,0,0,0,0,0,0,0,0,0,0
GoogleChromeLabs/squoosh,67ec215622aa6e6142c9e08900289435adf56a31,squoosh,2.0.0,4.0.5,1606849440,103,0,0,0,0,0,0,0,0,0,0,0,0,0
GoogleChromeLabs/squoosh,58a6abffbb3e908deb2804119246c34c3948742b,squoosh,2.0.0,4.0.5,1606923616,105,0,0,0,0,0,0,0,0,0,0,0,0,0
GoogleChromeLabs/squoosh,a3b341f813e0824e7d2d76ea3709d6fefc593121,squoosh,2.0.0,4.0.5,1607167293,107,0,0,0,0,0,0,0,0,0,0,0,0,0
GoogleChromeLabs/squoosh,3abc7700536ae74dc810c823f2bb3ef518e439bd,squoosh,2.0.0,4.0.5,1607167412,107,0,0,0,0,0,0,0,0,0,0,0,0,0
GoogleChromeLabs/squoosh,edfd353c1873251812ee7987323e70cc7c6b3c9f,squoosh,2.0.0,4.0.5,1607167609,107,0,0,0,0,0,0,0,0,0,0,0,0,0
GoogleChromeLabs/squoosh,c53c803baa3c8c2ad62998df8b711311b026f820,squoosh,2.0.0,4.0.5,1607167610,107,0,0,0,0,0,0,0,0,0,0,0,0,0
GoogleChromeLabs/squoosh,2ddd9ade2da6fb9248fde81dfd76f7be5fdb1732,squoosh,2.0.0,4.0.5,1607167610,107,0,0,0,0,0,0,0,0,0,0,0,0,0
GoogleChromeLabs/squoosh,002c9d987a9dea05f4714ede15c15231bda02d64,squoosh,2.0.0,4.0.5,1607167610,107,0,0,0,0,0,0,0,0,0,0,0,0,0
GoogleChromeLabs/squoosh,148fcc308f845dc7d548cbead5529df62a328976,squoosh,2.0.0,4.0.5,1607167610,107,0,0,0,0,0,0,0,0,0,0,0,0,0
GoogleChromeLabs/squoosh,6d5a743c3f952f1ffc96a0291633356808b3d692,squoosh,2.0.0,4.0.5,1607169822,107,0,0,0,0,0,0,0,0,0,0,0,0,0
GoogleChromeLabs/squoosh,c8d31321d57c773436566b16182fb059d04d0634,squoosh,2.0.0,4.0.5,1607170786,107,0,0,0,0,0,0,0,0,0,0,0,0,0
GoogleChromeLabs/squoosh,0226b876703e694200a58d32525f0ed60ddbe9f1,squoosh,2.0.0,4.0.5,1607172926,107,0,0,0,0,0,0,0,0,0,0,0,0,0
GoogleChromeLabs/squoosh,793c8b2574472a5487baf0b94a7f99a04a135d4b,squoosh,2.0.0,4.0.5,1607175119,107,0,0,0,0,0,0,0,0,0,0,0,0,0
GoogleChromeLabs/squoosh,a88d562f3618fcea724e295a35640d85acda3cf9,squoosh,2.0.0,4.0.5,1607177894,107,0,0,0,0,0,0,0,0,0,0,0,0,0
GoogleChromeLabs/squoosh,0797ce99c0757a05441a2d35ee254d002a1cefd6,squoosh,2.0.0,4.0.5,1607182563,107,0,0,0,0,0,0,0,0,0,0,0,0,0
GoogleChromeLabs/squoosh,dc49f361eac505d8b06c0bd311b914c0d51c6ec4,squoosh,2.0.0,4.0.5,1607183801,107,0,0,0,0,0,0,0,0,0,0,0,0,0
GoogleChromeLabs/squoosh,d8bd12fc6aed6d38b5a33f8350d549f3dfdeb6d2,squoosh,2.0.0,4.0.5,1607189162,109,0,0,0,0,0,0,0,0,0,0,0,0,0
GoogleChromeLabs/squoosh,ef31e5cbd19be66c0e8aece1265f96a078e0c84e,squoosh,2.0.0,4.0.5,1607199814,109,0,0,0,0,0,0,0,0,0,0,0,0,0
GoogleChromeLabs/squoosh,45fe4d291755473c6a1630da1661e9aae4481584,squoosh,2.0.0,4.0.5,1607199815,109,0,0,0,0,0,0,0,0,0,0,0,0,0
GoogleChromeLabs/squoosh,c35c285273e1fb21c8ff12ee1bf294360be381f0,squoosh,2.0.0,4.0.5,1607199824,109,0,0,0,0,0,0,0,0,0,0,0,0,0
GoogleChromeLabs/squoosh,951e0dc93a481f053e8cdee642b1e73ea801bf11,squoosh,2.0.0,4.0.5,1607199828,109,0,0,0,0,0,0,0,0,0,0,0,0,0
GoogleChromeLabs/squoosh,89508c9385846d0460ae7d810640bbfaf91ec5b5,squoosh,2.0.0,4.0.5,1607199965,109,0,0,0,0,0,0,0,0,0,0,0,0,0
GoogleChromeLabs/squoosh,4e5bb64565308dce87061fda8c5b1d4e3a34ed95,squoosh,2.0.0,4.0.5,1607201420,109,0,0,0,0,0,0,0,0,0,0,0,0,0
GoogleChromeLabs/squoosh,f051dcb07c7b6d950ef114a2b6d93cc7135a7b66,squoosh,2.0.0,4.0.5,1607204191,109,0,0,0,0,0,0,0,0,0,0,0,0,0
GoogleChromeLabs/squoosh,004e18036b50ee91c8ff126311d3a1e78488da7a,squoosh,2.0.0,4.0.5,1607205041,109,0,0,0,0,0,0,0,0,0,0,0,0,0
GoogleChromeLabs/squoosh,6b8d2e058cd529f2f6a99c284467da2e92bbecef,squoosh,2.0.0,4.0.5,1607205893,109,0,0,0,0,0,0,0,0,0,0,0,0,0
GoogleChromeLabs/squoosh,60cef4cb3a949448f4fe80c22ad8d923c43f8383,squoosh,2.0.0,4.0.5,1607205923,109,0,0,0,0,0,0,0,0,0,0,0,0,0
GoogleChromeLabs/squoosh,4976ad8481635e811f0cf2a2e013f5b76ff79ab5,squoosh,2.0.0,4.0.5,1607206059,109,0,0,0,0,0,0,0,0,0,0,0,0,0
GoogleChromeLabs/squoosh,8105633ca6e4aa1e246e08c2e9fc81c46e0511e1,squoosh,2.0.0,4.0.5,1607339858,101,0,0,0,0,0,0,0,0,0,0,0,0,0
GoogleChromeLabs/squoosh,7699f75b45d7cffbf9be7d56e4f17c7ade638373,squoosh,2.0.0,4.0.5,1607340927,107,0,0,0,0,0,0,0,0,0,0,0,0,0
GoogleChromeLabs/squoosh,f1b0a8f3e2bbb6d3c48928cb54997ffca434e6df,squoosh,2.0.0,4.0.5,1607344955,107,0,0,0,0,0,0,0,0,0,0,0,0,0
GoogleChromeLabs/squoosh,58a24bd277959e70d70b63297ae68d925033d07f,squoosh,2.0.0,4.0.5,1607345316,107,0,0,0,0,0,0,0,0,0,0,0,0,0
GoogleChromeLabs/squoosh,7ab27cfa9785ff7151c8b401b18c18ebf7ce0d11,squoosh,2.0.0,4.0.5,1607345324,107,0,0,0,0,0,0,0,0,0,0,0,0,0
GoogleChromeLabs/squoosh,d25d01c7057a12d6439994ef7d71123e5d01b72c,squoosh,2.0.0,4.0.5,1607347438,107,0,0,0,0,0,0,0,0,0,0,0,0,0
GoogleChromeLabs/squoosh,ea170fdc6d47455ceddbd505f36c02b732ec0e32,squoosh,2.0.0,4.0.5,1607348424,107,0,0,0,0,0,0,0,0,0,0,0,0,0
GoogleChromeLabs/squoosh,6b2e15ab37ae92dbb1c1d9e7b7d74e8bce2302d5,squoosh,2.0.0,4.0.5,1607348487,107,0,0,0,0,0,0,0,0,0,0,0,0,0
GoogleChromeLabs/squoosh,bf8b78657d147e51e03bb1ac11fe759b4ea63a71,squoosh,2.0.0,4.0.5,1607350741,107,0,0,0,0,0,0,0,0,0,0,0,0,0
GoogleChromeLabs/squoosh,fe6cc5c5036147eeca477ea8a63390522779ced6,squoosh,2.0.0,4.0.5,1607351874,107,0,0,0,0,0,0,0,0,0,0,0,0,0
GoogleChromeLabs/squoosh,b0196879074769728c116f05ba30fd3f2f37a4f0,squoosh,2.0.0,4.0.5,1607368323,107,0,0,0,0,0,0,0,0,0,0,0,0,0
GoogleChromeLabs/squoosh,154c1ed5fbbb75a666c30e8af766bb5a683e0b71,squoosh,2.0.0,4.0.5,1607368652,107,0,0,0,0,0,0,0,0,0,0,0,0,0
GoogleChromeLabs/squoosh,200e01132c75d18b0f933221645c898ff8c7b892,squoosh,2.0.0,4.0.5,1607422700,107,0,0,0,0,0,0,0,0,0,0,0,0,0
GoogleChromeLabs/squoosh,2a8a2f295274913721d1883b8661f3378241bab0,squoosh,2.0.0,4.0.5,1607439829,107,0,0,0,0,0,0,0,0,0,0,0,0,0
GoogleChromeLabs/squoosh,f5be882b10e2b65c7569adadd8906ebdcbc4ffb0,squoosh,2.0.0,4.0.5,1607444113,109,0,0,0,0,0,0,0,0,0,0,0,0,0
GoogleChromeLabs/squoosh,33c3fd327819c015390a97304f4011c3eca9b233,squoosh,2.0.0,4.0.5,1607444733,109,0,0,0,0,0,0,0,0,0,0,0,0,0
GoogleChromeLabs/squoosh,5af8810e0b45c897d918cbcaf86d2a6e782580b7,squoosh,2.0.0,4.0.5,1607445213,109,0,0,0,0,0,0,0,0,0,0,0,0,0
GoogleChromeLabs/squoosh,33d60658cdfc63812cd8e56cf563b7b06a9c6df1,squoosh,2.0.0,4.0.5,1607450149,109,0,0,0,0,0,0,0,0,0,0,0,0,0
GoogleChromeLabs/squoosh,ed55660c882ca314250d0925fadf35819b295db7,squoosh,2.0.0,4.0.5,1607450186,109,0,0,0,0,0,0,0,0,0,0,0,0,0
GoogleChromeLabs/squoosh,c832287fa6d57adaa05a4742b1cfc34c16b2e4ac,squoosh,2.0.0,4.0.5,1607451345,109,0,0,0,0,0,0,0,0,0,0,0,0,0
GoogleChromeLabs/squoosh,83b52cabc182a354561d5d12fdd9bedce4bf344c,squoosh,2.0.0,4.0.5,1607451810,109,0,0,0,0,0,0,0,0,0,0,0,0,0
GoogleChromeLabs/squoosh,d1533d66a21a5f899c7957eed90bebe560c33298,squoosh,2.0.0,4.0.5,1607451856,109,0,0,0,0,0,0,0,0,0,0,0,0,0
GoogleChromeLabs/squoosh,fa5bd3d1c64858e554f4400a7947b23bd501dfab,squoosh,2.0.0,4.0.5,1607451866,109,0,0,0,0,0,0,0,0,0,0,0,0,0
GoogleChromeLabs/squoosh,aff137218de261ad45fc5758670ea4e801a0c76e,squoosh,2.0.0,4.0.5,1607452104,109,0,0,0,0,0,0,0,0,0,0,0,0,0
GoogleChromeLabs/squoosh,4e4778397f6327d972dba00dbf82f88d116a1ef8,squoosh,2.0.0,4.0.5,1607454734,109,0,0,0,0,0,0,0,0,0,0,0,0,0
GoogleChromeLabs/squoosh,5758e5db9ae6c0cc30e7341d49fcdd731f09f1d0,squoosh,2.0.0,4.0.5,1607458788,109,0,0,0,0,0,0,0,0,0,0,0,0,0
GoogleChromeLabs/squoosh,76d8a636af46358c45f129282a9dbc0be5338fc2,squoosh,2.0.0,4.0.5,1607469680,109,0,0,0,0,0,0,0,0,0,0,0,0,0
GoogleChromeLabs/squoosh,c11e99c811efb75da3e12571bc66c184d4ca7fc0,squoosh,2.0.0,4.0.5,1607469702,109,0,0,0,0,0,0,0,0,0,0,0,0,0
GoogleChromeLabs/squoosh,8356838a01b0b4c50c368707988f94de6a529c2b,squoosh,2.0.0,4.0.5,1607497481,107,0,0,0,0,0,0,0,0,0,0,0,0,0
GoogleChromeLabs/squoosh,0802a7460233dfadcbd77dee6cf8079e187990c8,squoosh,2.0.0,4.0.5,1607497764,107,0,0,0,0,0,0,0,0,0,0,0,0,0
GoogleChromeLabs/squoosh,2054e7a433737ada5463b95cfad1f2adbba406f5,squoosh,2.0.0,4.0.5,1607497806,107,0,0,0,0,0,0,0,0,0,0,0,0,0
GoogleChromeLabs/squoosh,bf84ebcf912762569d8d50a7cf74b330cf63ec56,squoosh,2.0.0,4.0.5,1607497824,115,0,0,0,0,0,0,0,0,0,0,0,0,0
GoogleChromeLabs/squoosh,41bb41957768c73ae67f8e012d8a222bd759cb29,squoosh,2.0.0,4.0.5,1607497838,115,0,0,0,0,0,0,0,0,0,0,0,0,0
GoogleChromeLabs/squoosh,97f4de4cc4bbf98b57fa5a90d4f3e2a417f673c5,squoosh,2.0.0,4.0.5,1607497850,115,0,0,0,0,0,0,0,0,0,0,0,0,0
GoogleChromeLabs/squoosh,5765ea5aa4416753c5719828df3745946b3586a4,squoosh,2.0.0,4.0.5,1607508962,109,0,0,0,0,0,0,0,0,0,0,0,0,0
GoogleChromeLabs/squoosh,a19e97b2edbd0af0ca6d6dcb4329e49d3dbcedfe,squoosh,2.0.0,4.0.5,1607509156,109,0,0,0,0,0,0,0,0,0,0,0,0,0
GoogleChromeLabs/squoosh,12889d9d503a325e78823a8ebc48b54d4c2b9124,squoosh,2.0.0,4.0.5,1607514286,109,0,0,0,0,0,0,0,0,0,0,0,0,0
GoogleChromeLabs/squoosh,fec826b106031083550fd125bc0c0496a4185911,squoosh,2.0.0,4.0.5,1607514443,110,0,0,0,0,0,0,0,0,0,0,0,0,0
GoogleChromeLabs/squoosh,9062a755415eac5724ee0d08e2652562ef1ff966,squoosh,2.0.0,4.0.5,1607516414,111,0,0,0,0,0,0,0,0,0,0,0,0,0
GoogleChromeLabs/squoosh,0ee234f03b923cf677fb88d4162a73e9d0c6203c,squoosh,2.0.0,4.0.5,1607516946,111,0,0,0,0,0,0,0,0,0,0,0,0,0
GoogleChromeLabs/squoosh,7aeef5ff37a889891016f2cdf3c3cd50318673aa,squoosh,2.0.0,4.0.5,1607516999,111,0,0,0,0,0,0,0,0,0,0,0,0,0
GoogleChromeLabs/squoosh,bde3a93b6eb43170ed7494f3ebcc3c6a0b2566bf,squoosh,2.0.0,4.0.5,1607517237,111,0,0,0,0,0,0,0,0,0,0,0,0,0
GoogleChromeLabs/squoosh,32232c7f0b0f5ed9874ab6c148f3a41415ff410d,squoosh,2.0.0,4.0.5,1607517239,119,0,0,0,0,0,0,0,0,0,0,0,0,0
GoogleChromeLabs/squoosh,bb78632cf52f7f989ce60669607978022d1ae577,squoosh,2.0.0,4.0.5,1607517239,119,0,0,0,0,0,0,0,0,0,0,0,0,0
GoogleChromeLabs/squoosh,68cd15bd1456a8b6c78e56ca0fd7258eb2b500b4,squoosh,2.0.0,4.0.5,1607517239,119,0,0,0,0,0,0,0,0,0,0,0,0,0
GoogleChromeLabs/squoosh,a7a991ae453214b89b7852796b256ec61612869f,squoosh,2.0.0,4.0.5,1607517512,119,0,0,0,0,0,0,0,0,0,0,0,0,0
GoogleChromeLabs/squoosh,21a8f62dccfd3647605d41f6c26244b853c59cad,squoosh,2.0.0,4.0.5,1607524112,112,0,0,0,0,0,0,0,0,0,0,0,0,0
GoogleChromeLabs/squoosh,9de95f74fe36040b08a25d9bed8cbc0857f2c011,squoosh,2.0.0,4.0.5,1607524610,112,0,0,0,0,0,0,0,0,0,0,0,0,0
GoogleChromeLabs/squoosh,064b152e2a981b2e2594a41a6581f7a745bb1081,squoosh,2.0.0,4.0.5,1607530018,111,0,0,0,0,0,0,0,0,0,0,0,0,0
GoogleChromeLabs/squoosh,ee8ea539e7a91804b72cd4a5fcdfb134eaa40925,squoosh,2.0.0,4.0.5,1607530942,119,0,0,0,0,0,0,0,0,0,0,0,0,0
GoogleChromeLabs/squoosh,b8574b228a11102b90443803e0806e79145ab6ca,squoosh,2.0.0,4.0.5,1607530953,119,0,0,0,0,0,0,0,0,0,0,0,0,0
GoogleChromeLabs/squoosh,e3b053db1292dd77d6866778a04203bc6533eb63,squoosh,2.0.0,4.0.5,1607530963,119,0,0,0,0,0,0,0,0,0,0,0,0,0
GoogleChromeLabs/squoosh,94b9d08719bc5b498a0ed509fa534a0f9792c0ac,squoosh,2.0.0,4.0.5,1607531190,111,0,0,0,0,0,0,0,0,0,0,0,0,0
GoogleChromeLabs/squoosh,952aea049d72769e82beeae18cbcbd1d90a0cbfd,squoosh,2.0.0,4.0.5,1607531304,120,0,0,0,0,0,0,0,0,0,0,0,0,0
GoogleChromeLabs/squoosh,213028cfddc18f9154cfc7660acd4b83d820c254,squoosh,2.0.0,4.0.5,1607532490,119,0,0,0,0,0,0,0,0,0,0,0,0,0
GoogleChromeLabs/squoosh,ed3c79894dc3f416033455982ae5587b1b8f99d6,squoosh,2.0.0,4.0.5,1607532508,119,0,0,0,0,0,0,0,0,0,0,0,0,0
GoogleChromeLabs/squoosh,dbd80f15ebbc7fff7d8346cea42593e8b9630faa,squoosh,2.0.0,4.0.5,1607532543,119,0,0,0,0,0,0,0,0,0,0,0,0,0
GoogleChromeLabs/squoosh,60b79da936ae50a9af18d151e90add97d8c4c5de,squoosh,2.0.0,4.0.5,1607533090,119,0,0,0,0,0,0,0,0,0,0,0,0,0
GoogleChromeLabs/squoosh,c6d936cd4907fbf79f177759ecd9062eb18a8a03,squoosh,2.0.0,4.0.5,1607533107,119,0,0,0,0,0,0,0,0,0,0,0,0,0
GoogleChromeLabs/squoosh,c2aa35aa02038ff7caae5453b644303fc5e767d8,squoosh,2.0.0,4.0.5,1607533952,119,0,0,0,0,0,0,0,0,0,0,0,0,0
GoogleChromeLabs/squoosh,81890e972bede1c9a02a6f40b470600ef0639f5f,squoosh,2.0.0,4.0.5,1607534051,119,0,0,0,0,0,0,0,0,0,0,0,0,0
GoogleChromeLabs/squoosh,a2fb7a38cdd70769d114013f7b78d10795916c51,squoosh,2.0.0,4.0.5,1607534455,119,0,0,0,0,0,0,0,0,0,0,0,0,0
GoogleChromeLabs/squoosh,646747b039c071349bd2afa15d2afd266969f09d,squoosh,2.0.0,4.0.5,1607534484,120,0,0,0,0,0,0,0,0,0,0,0,0,0
GoogleChromeLabs/squoosh,c6e60427260668f42c09f69567c3e97ced93a857,squoosh,2.0.0,4.0.5,1607535234,112,0,0,0,0,0,0,0,0,0,0,0,0,0
GoogleChromeLabs/squoosh,07b4e53718d9b52b40fa320a5878068671624b01,squoosh,2.0.0,4.0.5,1607537712,112,0,0,0,0,0,0,0,0,0,0,0,0,0
GoogleChromeLabs/squoosh,522449adc137bcce04f3ce06f3a093eb45c386d5,squoosh,2.0.0,4.0.5,1607546141,112,0,0,0,0,0,0,0,0,0,0,0,0,0
GoogleChromeLabs/squoosh,722f1c806c7b50b50570afca385dbe0c607f884c,squoosh,2.0.0,4.0.5,1607550848,112,0,0,0,0,0,0,0,0,0,0,0,0,0
GoogleChromeLabs/squoosh,5d691af8a16ebf9667bcac16c4343c59bd118a72,squoosh,2.0.0,4.0.5,1607551414,112,0,0,0,0,0,0,0,0,0,0,0,0,0
GoogleChromeLabs/squoosh,15248bf85ac414b84653cb7bd522feb8eed80fe9,squoosh,2.0.0,4.0.5,1607552083,112,0,0,0,0,0,0,0,0,0,0,0,0,0
GoogleChromeLabs/squoosh,b5f708a1e65cf06e5f5f899f15e212d0fc404dfc,squoosh,2.0.0,4.0.5,1607552251,112,0,0,0,0,0,0,0,0,0,0,0,0,0
GoogleChromeLabs/squoosh,7de8fa9da310b25d552c42ce2ba30f0010e731a7,squoosh,2.0.0,4.0.5,1607555504,120,0,0,0,0,0,0,0,0,0,0,0,0,0
GoogleChromeLabs/squoosh,b61f1ffbcf202a4c39cda030058d7ce1893a2f59,squoosh,2.0.0,4.0.5,1607558176,112,0,0,0,0,0,0,0,0,0,0,0,0,0
GoogleChromeLabs/squoosh,a65bbdf811398fbe4517482b9ffd3a432db5d2b9,squoosh,2.0.0,4.0.5,1607575663,120,0,0,0,0,0,0,0,0,0,0,0,0,0
GoogleChromeLabs/squoosh,d6de741ddc79ff1d5c1e7add9e6951ca61b6318b,squoosh,2.0.0,4.0.5,1607596436,112,0,0,0,0,0,0,0,0,0,0,0,0,0
GoogleChromeLabs/squoosh,adb2f7ed50aace85666c1dbd7ea30215519f69df,squoosh,2.0.0,4.0.5,1607597143,112,0,0,0,0,0,0,0,0,0,0,0,0,0
GoogleChromeLabs/squoosh,f190ca60693cd5e55859f858dd200f87c332ead6,squoosh,2.0.0,4.0.5,1607603214,112,0,0,0,0,0,0,0,0,0,0,0,0,0
GoogleChromeLabs/squoosh,a972dfdeed1c7e5ecb74fe798ec5ceaa4feab32d,squoosh,2.0.0,4.0.5,1607603393,112,0,0,0,0,0,0,0,0,0,0,0,0,0
GoogleChromeLabs/squoosh,7b4dbbfe2d5386def5a85c7cb187b5c7ee9f355c,squoosh,2.0.0,4.0.5,1607605407,112,0,0,0,0,0,0,0,0,0,0,0,0,0
GoogleChromeLabs/squoosh,81e171e68445f18e84424e366da2b47214ec3161,squoosh,2.0.0,4.0.5,1607605612,112,0,0,0,0,0,0,0,0,0,0,0,0,0
GoogleChromeLabs/squoosh,8b20aa5f1418880d2ee36409141354899fbd142c,squoosh,2.0.0,4.0.5,1607605905,112,0,0,0,0,0,0,0,0,0,0,0,0,0
GoogleChromeLabs/squoosh,6bfd1f2c294cd2f3cdf8e393dc0ca83955adbe62,squoosh,2.0.0,4.0.5,1607606321,112,0,0,0,0,0,0,0,0,0,0,0,0,0
GoogleChromeLabs/squoosh,57357f5c8d194de96ab1e7fb49fc13ce959bf88f,squoosh,2.0.0,4.0.5,1607606531,112,0,0,0,0,0,0,0,0,0,0,0,0,0
GoogleChromeLabs/squoosh,0c848a33ad1e9314473d8fdc94f0036139fd6fff,squoosh,2.0.0,4.0.5,1607608178,112,0,0,0,0,0,0,0,0,0,0,0,0,0
GoogleChromeLabs/squoosh,c3d05e0e2d5cabb16181a359b265d2caa8d16de5,squoosh,2.0.0,4.0.5,1607608856,112,0,0,0,0,0,0,0,0,0,0,0,0,0
GoogleChromeLabs/squoosh,cd4e9fd107aa34229fcaf1fb56d98c1eaada0e8d,squoosh,2.0.0,4.0.5,1607612335,112,0,0,0,0,0,0,0,0,0,0,0,0,0
GoogleChromeLabs/squoosh,72f085f65036c70293b0f912264e7376454c8c68,squoosh,2.0.0,4.0.5,1607613862,112,0,0,0,0,0,0,0,0,0,0,0,0,0
GoogleChromeLabs/squoosh,d1d181fccd151a7f2ca9b07cf77dd8013f294b8c,squoosh,2.0.0,4.0.5,1607613896,120,0,0,0,0,0,0,0,0,0,0,0,0,0
GoogleChromeLabs/squoosh,dab10d9940f3a22a66ef048f267196ab32d432ed,squoosh,2.0.0,4.0.5,1607614491,112,0,0,0,0,0,0,0,0,0,0,0,0,0
GoogleChromeLabs/squoosh,cf894b7d19ed907726089f4a968785b8b0553d49,squoosh,2.0.0,4.0.5,1607621690,120,0,0,0,0,0,0,0,0,0,0,0,0,0
GoogleChromeLabs/squoosh,b958d46086ee86cce69c55acadee2b5e9f5eb834,squoosh,2.0.0,4.0.5,1607630290,112,0,0,0,0,0,0,0,0,0,0,0,0,0
GoogleChromeLabs/squoosh,1b8f051438c2ad09a366555e02ed32a2b1218bd9,squoosh,2.0.0,4.0.5,1607661135,120,0,0,0,0,0,0,0,0,0,0,0,0,0
GoogleChromeLabs/squoosh,50bc8e4106579588ee76c0307045df180b1def90,squoosh,2.0.0,4.0.5,1607661250,120,0,0,0,0,0,0,0,0,0,0,0,0,0
GoogleChromeLabs/squoosh,76ef6294f36ce94058fd882b5fb94e7caeffe5f6,squoosh,2.0.0,4.0.5,1607661475,120,0,0,0,0,0,0,0,0,0,0,0,0,0
GoogleChromeLabs/squoosh,ce3d94297dc2bba099731c1ea9cea39d97b3fe35,squoosh,2.0.0,4.0.5,1607661888,120,0,0,0,0,0,0,0,0,0,0,0,0,0
GoogleChromeLabs/squoosh,37f4d753f9cb80a43641a35f3955fa55a217cde1,squoosh,2.0.0,4.0.5,1607662014,120,0,0,0,0,0,0,0,0,0,0,0,0,0
GoogleChromeLabs/squoosh,8c18b4b28dd4e8b9fcd8b1624f5a7bb6a73eb3b3,squoosh,2.0.0,4.0.5,1607691332,112,0,0,0,0,0,0,0,0,0,0,0,0,0
GoogleChromeLabs/squoosh,82914f9cdeb83cede51d205c62acb876fab2fafb,squoosh,2.0.0,4.0.5,1607709314,120,0,0,0,0,0,0,0,0,0,0,0,0,0
GoogleChromeLabs/squoosh,405dd1cdfae4a240f961f690d104e1720c1e9dc9,squoosh,2.0.0,4.0.5,1607876879,112,0,0,0,0,0,0,0,0,0,0,0,0,0
GoogleChromeLabs/squoosh,c63120d4ceedd141c14fd69a203793af5e76f1e6,squoosh,2.0.0,4.0.5,1607877360,112,0,0,0,0,0,0,0,0,0,0,0,0,0
GoogleChromeLabs/squoosh,5bdba43b33733921a577676b95190ef5436c9dbd,squoosh,2.0.0,4.0.5,1607879913,112,0,0,0,0,0,0,0,0,0,0,0,0,0
GoogleChromeLabs/squoosh,588ec615439961935b6fbee8c56acbee6efab31e,squoosh,2.0.0,4.0.5,1607982315,120,0,0,0,0,0,0,0,0,0,0,0,0,0
GoogleChromeLabs/squoosh,c459319b216b045737dd66636f7cd9e175d2f99b,squoosh,2.0.0,4.0.5,1607985149,120,0,0,0,0,0,0,0,0,0,0,0,0,0
GoogleChromeLabs/squoosh,d6c178f9dc157d4e828614d9e6257912730f9aef,squoosh,2.0.0,4.0.5,1608028340,112,0,0,0,0,0,0,0,0,0,0,0,0,0
GoogleChromeLabs/squoosh,3338808f17a0c69d1454fcedb5309f8f54a10107,squoosh,2.0.0,4.0.5,1608028938,112,0,0,0,0,0,0,0,0,0,0,0,0,0
GoogleChromeLabs/squoosh,3ec55b0a03f07417aea82a1d6b3492c39f32953e,squoosh,2.0.0,4.0.5,1608033185,112,0,0,0,0,0,0,0,0,0,0,0,0,0
GoogleChromeLabs/squoosh,f2a947df9ed6b3f0d6589e6b69b28360b999075f,squoosh,2.0.0,4.0.5,1608033664,112,0,0,0,0,0,0,0,0,0,0,0,0,0
GoogleChromeLabs/squoosh,d338e8a048a3b24dbce42b4488f1aa005d6ae6ba,squoosh,2.0.0,4.0.5,1608033857,112,0,0,0,0,0,0,0,0,0,0,0,0,0
GoogleChromeLabs/squoosh,33347951d78d29b745d887e1d06ce5d7faa9efd7,squoosh,2.0.0,4.0.5,1608090601,120,0,0,0,0,0,0,0,0,0,0,0,0,0
GoogleChromeLabs/squoosh,dce76bb0f4abe60cfe1a200b791acc5b4e3fc074,squoosh,2.0.0,4.0.5,1608199847,112,0,0,0,0,0,0,0,0,0,0,0,0,0
GoogleChromeLabs/squoosh,62b4d39128b90bffbd88bba087101548c61d6eb2,squoosh,2.0.0,4.0.5,1608331576,112,0,0,0,0,0,0,0,0,0,0,0,0,0
GoogleChromeLabs/squoosh,e72dcd6c6e02460b3c741d7bc950f8a077b0593a,squoosh,2.0.0,4.0.5,1608402644,112,0,0,0,0,0,0,0,0,0,0,0,0,0
GoogleChromeLabs/squoosh,733b470f1f3bf7d1ab8b86316f5b05e53603e692,squoosh,2.0.0,4.0.5,1608987383,112,0,0,0,0,0,0,0,0,0,0,0,0,0
GoogleChromeLabs/squoosh,1e64e52298be93f46bee98291c350a2c3f6f1ff4,squoosh,2.0.0,4.0.5,1608989187,112,0,0,0,0,0,0,0,0,0,0,0,0,0
GoogleChromeLabs/squoosh,10d648c28d159fc45b3a7685ce552d670c2f0c9b,squoosh,2.0.0,4.0.5,1609048796,112,0,0,0,0,0,0,0,0,0,0,0,0,0
GoogleChromeLabs/squoosh,935256985231aafce71929d388d57afe0e9e22ba,squoosh,2.0.0,4.0.5,1609048862,112,0,0,0,0,0,0,0,0,0,0,0,0,0
GoogleChromeLabs/squoosh,e8afe408f1429c5ca6990522f6faada69cc52108,squoosh,2.0.0,4.0.5,1609369525,112,0,0,0,0,0,0,0,0,0,0,0,0,0
GoogleChromeLabs/squoosh,1a40c578764c843006bf9f3315a112ed66d1183a,squoosh,2.0.0,4.0.5,1609850069,112,0,0,0,0,0,0,0,0,0,0,0,0,0
GoogleChromeLabs/squoosh,990a43b73370f982fe69dde7fb1c71010ec26960,squoosh,2.0.0,4.0.5,1609851119,112,0,0,0,0,0,0,0,0,0,0,0,0,0
GoogleChromeLabs/squoosh,e7e205c326dfcc8c14760f42179013f91aa3ccb9,squoosh,2.0.0,4.0.5,1609856786,112,0,0,0,0,0,0,0,0,0,0,0,0,0
GoogleChromeLabs/squoosh,a1ea6223ac26b7aff3c8ccf45b952655c030c32a,squoosh,2.0.0,4.0.5,1609857515,112,0,0,0,0,0,0,0,0,0,0,0,0,0
GoogleChromeLabs/squoosh,f55e4cf9a8bfbcdb5476f0ecc3003b9f9ee7164f,squoosh,2.0.0,4.0.5,1609858148,112,0,0,0,0,0,0,0,0,0,0,0,0,0
GoogleChromeLabs/squoosh,e260994600f871b2de787631441e886f9bfe637d,squoosh,2.0.0,4.0.5,1609858181,112,0,0,0,0,0,0,0,0,0,0,0,0,0
GoogleChromeLabs/squoosh,ad075847303b075816fe4f7cbfbf8dcc19e068bc,squoosh,2.0.0,4.0.5,1609858208,112,0,0,0,0,0,0,0,0,0,0,0,0,0
GoogleChromeLabs/squoosh,36293d756b8c4491f41e6b305bea2dffe9f0fedf,squoosh,2.0.0,4.0.5,1609860597,112,0,0,0,0,0,0,0,0,0,0,0,0,0
GoogleChromeLabs/squoosh,dba8f097d350c6afc42aa2cddbd8047ffa3bb24f,squoosh,2.0.0,4.0.5,1609860607,112,0,0,0,0,0,0,0,0,0,0,0,0,0
GoogleChromeLabs/squoosh,34d3c13b5d9225816e00dfc9650a0d298be3a1d5,squoosh,2.0.0,4.0.5,1609860734,112,0,0,0,0,0,0,0,0,0,0,0,0,0
GoogleChromeLabs/squoosh,35f5ad6e2b3c57d5eef5a97b5a21978982109dba,squoosh,2.0.0,4.0.5,1609863730,112,0,0,0,0,0,0,0,0,0,0,0,0,0
GoogleChromeLabs/squoosh,22a948267c6f4321bc7a6d356e5bd85e013c30ad,squoosh,2.0.0,4.0.5,1609863826,112,0,0,0,0,0,0,0,0,0,0,0,0,0
GoogleChromeLabs/squoosh,ae583f75814bb7d17fae671b0253795d5a743424,squoosh,2.0.0,4.0.5,1609864662,112,0,0,0,0,0,0,0,0,0,0,0,0,0
GoogleChromeLabs/squoosh,c6188c88460d996a3d62c93f5bde34180ba0f594,squoosh,2.0.0,4.0.5,1609864839,112,0,0,0,0,0,0,0,0,0,0,0,0,0
GoogleChromeLabs/squoosh,61a66c4ed40f6305b06ddfe938822265f639ce3a,squoosh,2.0.0,4.0.5,1609864857,112,0,0,0,0,0,0,0,0,0,0,0,0,0
GoogleChromeLabs/squoosh,7095ed2f7aa6fa23f35a3fb3aba1b6eba806c898,squoosh,2.0.0,4.0.5,1609865545,112,0,0,0,0,0,0,0,0,0,0,0,0,0
GoogleChromeLabs/squoosh,dfa7695a97f0e3524826171a14a5beea5fa23ff5,squoosh,2.0.0,4.0.5,1609953370,112,0,0,0,0,0,0,0,0,0,0,0,0,0
GoogleChromeLabs/squoosh,c8310089cee53185f0d73637488c7c6d9fd5b02a,squoosh,2.0.0,4.0.5,1610033060,112,0,0,0,0,0,0,0,0,0,0,0,0,0
GoogleChromeLabs/squoosh,c5c95254f0ae4604233604a16aeb0d070c40fbcf,squoosh,2.0.0,4.0.5,1610041614,112,0,0,0,0,0,0,0,0,0,0,0,0,0
GoogleChromeLabs/squoosh,02532b5a31d3f7303a1a72eb010b5b874853e661,squoosh,2.0.0,4.0.5,1610053049,112,0,0,0,0,0,0,0,0,0,0,0,0,0
GoogleChromeLabs/squoosh,c7d156e8d78cb35ba4efa9bb89e4cf0d56243f4d,squoosh,2.0.0,4.0.5,1610543221,112,0,0,0,0,0,0,0,0,0,0,0,0,0
GoogleChromeLabs/squoosh,ff25dd81f8f1bbd23ede81225c8a6a68bd1682d0,squoosh,2.0.0,4.0.5,1610543805,112,0,0,0,0,0,0,0,0,0,0,0,0,0
GoogleChromeLabs/squoosh,5d0c856fa06454f155a7b0028dbf7cbbb8ebed24,squoosh,2.0.0,4.0.5,1610701213,112,0,0,0,0,0,0,0,0,0,0,0,0,0
GoogleChromeLabs/squoosh,5845e566da7e5e748f786da5717e50552fd8c16e,squoosh,2.0.0,4.0.5,1610731467,112,0,0,0,0,0,0,0,0,0,0,0,0,0
GoogleChromeLabs/squoosh,b4329c5bed1540d3bcf463e510a83aa845e0072f,squoosh,2.0.0,4.0.5,1610972978,112,0,0,0,0,0,0,0,0,0,0,0,0,0
GoogleChromeLabs/squoosh,30528c2330585ef6720132fbca25e1dba1ca97c3,squoosh,2.0.0,4.0.5,1610974780,112,0,0,0,0,0,0,0,0,0,0,0,0,0
GoogleChromeLabs/squoosh,02d038a8f333de2602c50510dccf37c2b02bca9a,squoosh,2.0.0,4.0.5,1610998901,112,0,0,0,0,0,0,0,0,0,0,0,0,0
GoogleChromeLabs/squoosh,7ce0c8a4fcf35df492e797ed7bd98f0ea63b622b,squoosh,2.0.0,4.0.5,1611062460,112,0,0,0,0,0,0,0,0,0,0,0,0,0
GoogleChromeLabs/squoosh,0d72f652c558c93a0a8ebde0d3f08ae850c0b1b4,squoosh,2.0.0,4.0.5,1611075413,112,0,0,0,0,0,0,0,0,0,0,0,0,0
GoogleChromeLabs/squoosh,5603f2d6e78434ac7f36acb944d93e258cc41ddb,squoosh,2.0.0,4.0.5,1611145906,112,0,0,0,0,0,0,0,0,0,0,0,0,0
GoogleChromeLabs/squoosh,39c6be41dfcc8f80b99d1c48caaa2e14919ff202,squoosh,2.0.0,4.0.5,1611146082,112,0,0,0,0,0,0,0,0,0,0,0,0,0
GoogleChromeLabs/squoosh,e616f9feb35da217a6e6d1397370ce432e68efb3,squoosh,2.0.0,4.0.5,1611179429,112,0,0,0,0,0,0,0,0,0,0,0,0,0
GoogleChromeLabs/squoosh,a3be343959ee8a3d5d7ba5588875144e4b504ec0,squoosh,2.0.0,4.0.5,1611222352,112,0,0,0,0,0,0,0,0,0,0,0,0,0
GoogleChromeLabs/squoosh,6117c9dd267e800e93f7435c0acb93e5b344a221,squoosh,2.0.0,4.0.5,1611318464,112,0,0,0,0,0,0,0,0,0,0,0,0,0
GoogleChromeLabs/squoosh,92ade727aaf2a6701f4851c93761b8e7e374a81f,squoosh,2.0.0,4.0.5,1611321198,112,0,0,0,0,0,0,0,0,0,0,0,0,0
GoogleChromeLabs/squoosh,8e8b75684d234cdba6d2764948e9220b4bf6424e,squoosh,2.0.0,4.0.5,1611323490,112,0,0,0,0,0,0,0,0,0,0,0,0,0
GoogleChromeLabs/squoosh,1c7486056da49515be84db714573747d5341e0be,squoosh,2.0.0,4.0.5,1611323896,112,0,0,0,0,0,0,0,0,0,0,0,0,0
GoogleChromeLabs/squoosh,e6916575b7232cafe16531405a7067c32ab02c3b,squoosh,2.0.0,4.0.5,1611329441,112,0,0,0,0,0,0,0,0,0,0,0,0,0
GoogleChromeLabs/squoosh,2c0dd363d451fb39ea7899864e7a0e1ff1fdd369,squoosh,2.0.0,4.0.5,1611343541,112,0,0,0,0,0,0,0,0,0,0,0,0,0
GoogleChromeLabs/squoosh,dc40f84a6533043a2ea5eb49ea4475fc30c9605a,squoosh,2.0.0,4.1.3,1611588952,112,0,0,0,0,0,0,0,0,0,0,0,0,0
GoogleChromeLabs/squoosh,7ff637a1ff05db74f98db36efa0fede1b6862396,squoosh,2.0.0,4.1.3,1612527093,112,0,0,0,0,0,0,0,0,0,0,0,0,0
GoogleChromeLabs/squoosh,73ac08c0cda539cbf49fdb2328756aa6b9b64f6a,squoosh,2.0.0,4.1.3,1612527797,112,0,0,0,0,0,0,0,0,0,0,0,0,0
GoogleChromeLabs/squoosh,1c1e4c7c018672d381fa5bab39b75a75263ffca6,squoosh,2.0.0,4.1.3,1612535796,112,0,0,0,0,0,0,0,0,0,0,0,0,0
GoogleChromeLabs/squoosh,44de57a92a7d850abd79d02c56af1fd738f32cff,squoosh,2.0.0,4.1.3,1612878002,120,0,0,0,0,0,0,0,0,0,0,0,0,0
GoogleChromeLabs/squoosh,029c2ebb83651fbf854fa7fd689a571a0338394e,squoosh,2.0.0,4.1.3,1612958118,112,0,0,0,0,0,0,0,0,0,0,0,0,0
GoogleChromeLabs/squoosh,934ab9065afee402c53d9d5783bc44cbf616564f,squoosh,2.0.0,4.1.3,1613055044,112,0,0,0,0,0,0,0,0,0,0,0,0,0
GoogleChromeLabs/squoosh,659d2b8277b083d8e6fcd269ba471d4eac2d0fcb,squoosh,2.0.0,4.1.3,1614016695,112,0,0,0,0,0,0,0,0,0,0,0,0,0
GoogleChromeLabs/squoosh,a783de618d657e7f03b5030da0697882daefabf9,squoosh,2.0.0,4.1.3,1614017126,112,0,0,0,0,0,0,0,0,0,0,0,0,0
GoogleChromeLabs/squoosh,9d3401762e480f8b1d32e2b50995cebcaa793bc6,squoosh,2.0.0,4.1.3,1614017253,112,0,0,0,0,0,0,0,0,0,0,0,0,0
GoogleChromeLabs/squoosh,8f24c9b5ce0f09cf966565a44cd12be633edddd5,squoosh,2.0.0,4.1.3,1614181102,112,0,0,0,0,0,0,0,0,0,0,0,0,0
GoogleChromeLabs/squoosh,37d778e4dad2a4fdfe805ea7cda99001cc0978e1,squoosh,2.0.0,4.1.3,1614185062,112,0,0,0,0,0,0,0,0,0,0,0,0,0
GoogleChromeLabs/squoosh,7f6ee3204f05689a6df8befd9c87bb4570b4a161,squoosh,2.0.0,4.1.3,1614772963,112,0,0,0,0,0,0,0,0,0,0,0,0,0
GoogleChromeLabs/squoosh,e66c292e86c5ae9704cda39f6628afdd5bd460bc,squoosh,2.0.0,4.1.3,1614790509,110,0,0,0,0,0,0,0,0,0,0,0,0,0
GoogleChromeLabs/squoosh,f1a9235de21fb0ebc6b49a4e8bd859e232b93e0f,squoosh,2.0.0,4.1.3,1614863537,110,0,0,0,0,0,0,0,0,0,0,0,0,0
GoogleChromeLabs/squoosh,760dd9e8a0672cfa81d6d21f9a0af987974525c2,squoosh,2.0.0,4.1.3,1614863710,110,0,0,0,0,0,0,0,0,0,0,0,0,0
GoogleChromeLabs/squoosh,c58c4beb1a82156bb6ab17e680d4c3e370b64944,squoosh,2.0.0,4.1.3,1614866468,110,0,0,0,0,0,0,0,0,0,0,0,0,0
GoogleChromeLabs/squoosh,2467d0046e6ec906379af26c0dc46cdc98e39c89,squoosh,2.0.0,4.1.3,1614866799,110,0,0,0,0,0,0,0,0,0,0,0,0,0
GoogleChromeLabs/squoosh,43233e2c5514717e741c8166d7dff465dc7ba498,squoosh,2.0.0,4.1.3,1614867192,110,0,0,0,0,0,0,0,0,0,0,0,0,0
GoogleChromeLabs/squoosh,fc2e658feb798d8ba1fb05d3aa62128667b88e36,squoosh,2.0.0,4.1.3,1614870006,109,0,0,0,0,0,0,0,0,0,0,0,0,0
GoogleChromeLabs/squoosh,2e8dd1e247413d5750383da601573a436a0ccea4,squoosh,2.0.0,4.1.3,1614870097,110,0,0,0,0,0,0,0,0,0,0,0,0,0
GoogleChromeLabs/squoosh,89d5d8063d2336b718ae262324082eba36e55c5f,squoosh,2.0.0,4.1.3,1614871496,110,0,0,0,0,0,0,0,0,0,0,0,0,0
GoogleChromeLabs/squoosh,ecc864120e20d30e7539d19b7efd10710a96b702,squoosh,2.0.0,4.1.3,1615303247,110,0,0,0,0,0,0,0,0,0,0,0,0,0
GoogleChromeLabs/squoosh,0874a3ba5295873608ad8493f6e7a8f72db4efef,squoosh,2.0.0,4.1.3,1615382692,112,0,0,0,0,0,0,0,0,0,0,0,0,0
GoogleChromeLabs/squoosh,42cfbe11a1c280321883e37aa148ebdb43c68bf4,squoosh,2.0.0,4.1.3,1615385574,112,0,0,0,0,0,0,0,0,0,0,0,0,0
GoogleChromeLabs/squoosh,ef77da9e96db1f58a122717919f74ded9b988d7b,squoosh,2.0.0,4.1.3,1615388219,112,0,0,0,0,0,0,0,0,0,0,0,0,0
GoogleChromeLabs/squoosh,56beb6786af7843cfe1a85674ab6482efc223953,squoosh,2.0.0,4.1.3,1615476105,112,0,0,0,0,0,0,0,0,0,0,0,0,0
GoogleChromeLabs/squoosh,86c427184498363a518999b1b67995c2f300d463,squoosh,2.0.0,4.1.3,1615478691,112,0,0,0,0,0,0,0,0,0,0,0,0,0
GoogleChromeLabs/squoosh,914bff41c607bcc97f8c09f473961e10a8420686,squoosh,2.0.0,4.1.3,1615479045,112,0,0,0,0,0,0,0,0,0,0,0,0,0
GoogleChromeLabs/squoosh,9d890a8fd6acf5e9c3b0ff506bdb0b26390b50ac,squoosh,2.0.0,4.1.3,1616502536,112,0,0,0,0,0,0,0,0,0,0,0,0,0
GoogleChromeLabs/squoosh,2bf0b904cd3ebf831c9b47e6f59ab508ae968f81,squoosh,2.0.0,4.1.3,1616504655,112,0,0,0,0,0,0,0,0,0,0,0,0,0
GoogleChromeLabs/squoosh,650c662ffabcd01f22adbc4299ea136df312e2ee,squoosh,2.0.0,4.1.3,1617714810,112,0,0,0,0,0,0,0,0,0,0,0,0,0
GoogleChromeLabs/squoosh,e900d330920d48808325ff21522b39d6dd8654dc,squoosh,2.0.0,4.1.3,1619620424,112,0,0,0,0,0,0,0,0,0,0,0,0,0
GoogleChromeLabs/squoosh,33c0c3b034d8b99238cb0b879fbb09e0fa20ff4c,squoosh,2.0.0,4.1.3,1619691564,112,0,0,0,0,0,0,0,0,0,0,0,0,0
GoogleChromeLabs/squoosh,58c09ff7406e766b24f7065f39a40777009129a3,squoosh,2.0.0,4.1.3,1620122278,112,0,0,0,0,0,0,0,0,0,0,0,0,0
GoogleChromeLabs/squoosh,df65f1a112439de31fb87277461afd20d9c97d46,squoosh,2.0.0,4.1.3,1620125239,112,0,0,0,0,0,0,0,0,0,0,0,0,0
GoogleChromeLabs/squoosh,b50402e3b34179c1bff47769f47a5f83b47575b4,squoosh,2.0.0,4.1.3,1620125868,112,0,0,0,0,0,0,0,0,0,0,0,0,0
GoogleChromeLabs/squoosh,f5c9d6a2093f10a80678f84783c051a3828e1fc2,squoosh,2.0.0,4.1.3,1620126385,111,0,0,0,0,0,0,0,0,0,0,0,0,0
GoogleChromeLabs/squoosh,deee258820b1ee35e14aebfa3b7b159029fdd02a,squoosh,2.0.0,4.1.3,1620128302,111,0,0,0,0,0,0,0,0,0,0,0,0,0
GoogleChromeLabs/squoosh,be3688c8d3642930383bafbec2392dfbcdadc1e7,squoosh,2.0.0,4.1.3,1620129633,113,0,0,0,0,0,0,0,0,0,0,0,0,0
GoogleChromeLabs/squoosh,8ed50d8f0c7004fc16d2ce1e7dc3ce6d23764a24,squoosh,2.0.0,4.1.3,1620130414,112,0,0,0,0,0,0,0,0,0,0,0,0,0
GoogleChromeLabs/squoosh,efc89efba54a99ff7dc48b2bbe81ae8f1b2915b7,squoosh,2.0.0,4.1.3,1620130614,112,0,0,0,0,0,0,0,0,0,0,0,0,0
GoogleChromeLabs/squoosh,ad0d46de3ee20d1673cc146af39835bae6e19a34,squoosh,2.0.0,4.1.3,1620135644,112,0,0,0,0,0,0,0,0,0,0,0,0,0
GoogleChromeLabs/squoosh,6820412ffdfd7612909bd7c3fd2db73d00d4bc10,squoosh,2.0.0,4.1.3,1620150746,113,0,0,0,0,0,0,0,0,0,0,0,0,0
GoogleChromeLabs/squoosh,aa0ba8509e0a828e2e5fb52c1fdff3c0d83d54b2,squoosh,2.0.0,4.1.3,1620150836,113,0,0,0,0,0,0,0,0,0,0,0,0,0
GoogleChromeLabs/squoosh,416e865adfac3bd5bcc75388fef8402a3485b960,squoosh,2.0.0,4.1.3,1620151533,113,0,0,0,0,0,0,0,0,0,0,0,0,0
GoogleChromeLabs/squoosh,d96c9c5c6188b89f1d2a3ef14675b2776ae3af80,squoosh,2.0.0,4.1.3,1620206144,112,0,0,0,0,0,0,0,0,0,0,0,0,0
GoogleChromeLabs/squoosh,d335a2de1dc5832bd729708c16c5636a0505a59b,squoosh,2.0.0,4.1.3,1620209046,112,0,0,0,0,0,0,0,0,0,0,0,0,0
GoogleChromeLabs/squoosh,912c1fac0865cc708476057ccadb82c3289e7245,squoosh,2.0.0,4.1.3,1620309724,112,0,0,0,0,0,0,0,0,0,0,0,0,0
GoogleChromeLabs/squoosh,9d1cc406c9d2e74c24933849253194187cf31579,squoosh,2.0.0,4.1.3,1620315308,112,0,0,0,0,0,0,0,0,0,0,0,0,0
GoogleChromeLabs/squoosh,ff9dea465f33c1712b145153360aa0244116887d,squoosh,2.0.0,4.1.3,1620669393,112,0,0,0,0,0,0,0,0,0,0,0,0,0
GoogleChromeLabs/squoosh,b9b6e57581d983ade4d21d2482b08f8c7ed22a24,squoosh,2.0.0,4.1.3,1620910231,111,0,0,0,0,0,0,0,0,0,0,0,0,0
GoogleChromeLabs/squoosh,f0fb891498413f65134786d9e55cabfc8e0e1616,squoosh,2.0.0,4.1.3,1620912139,111,0,0,0,0,0,0,0,0,0,0,0,0,0
GoogleChromeLabs/squoosh,10c508249996d28ff9a62ff86b969907bd4d5c9b,squoosh,2.0.0,4.1.3,1620917303,111,0,0,0,0,0,0,0,0,0,0,0,0,0
GoogleChromeLabs/squoosh,50ed5febd39a59d0be52b152449555b8bcb0f65d,squoosh,2.0.0,4.1.3,1620917595,112,0,0,0,0,0,0,0,0,0,0,0,0,0
GoogleChromeLabs/squoosh,875c24525b93fc6bac54d412719915998e270afd,squoosh,2.0.0,4.1.3,1620925662,112,0,0,0,0,0,0,0,0,0,0,0,0,0
GoogleChromeLabs/squoosh,25754b91b737e8f2e15c519acebc37edac1b08e0,squoosh,2.0.0,4.1.3,1620927290,112,0,0,0,0,0,0,0,0,0,0,0,0,0
GoogleChromeLabs/squoosh,4dd2296eaf04e1868f24da6a27eeb60f12f5536a,squoosh,2.0.0,4.1.3,1620932955,112,0,0,0,0,0,0,0,0,0,0,0,0,0
GoogleChromeLabs/squoosh,2e3361af797a19992c71d1ac1cea0a5242f9ef83,squoosh,2.0.0,4.1.3,1620946027,112,0,0,0,0,0,0,0,0,0,0,0,0,0
GoogleChromeLabs/squoosh,bb036df1fc0bc68aa25d3ba44a4f5190a2fbdebd,squoosh,2.0.0,4.1.3,1620946153,112,0,0,0,0,0,0,0,0,0,0,0,0,0
GoogleChromeLabs/squoosh,d3c1877e76e74ceaab14a36a0be1e263763698e9,squoosh,2.0.0,4.1.3,1620994421,112,0,0,0,0,0,0,0,0,0,0,0,0,0
GoogleChromeLabs/squoosh,cf66f2a69d2fbafdad755492c9c7fa36328ff5f8,squoosh,2.0.0,4.1.3,1621000445,112,0,0,0,0,0,0,0,0,0,0,0,0,0
GoogleChromeLabs/squoosh,189d196b2bfe4a077237a7650c17c810e8123b09,squoosh,2.0.0,4.1.3,1621002852,118,0,0,0,0,0,0,0,0,0,0,0,0,0
GoogleChromeLabs/squoosh,1527b1431ca5be7347b193f1b0147140eac3761c,squoosh,2.0.0,4.1.3,1621004318,119,0,0,0,0,0,0,0,0,0,0,0,0,0
GoogleChromeLabs/squoosh,52ca417d3a21d79003d358665fbaf79f16459b2e,squoosh,2.0.0,4.1.3,1621005159,119,0,0,0,0,0,0,0,0,0,0,0,0,0
GoogleChromeLabs/squoosh,88106a09f5a4e454654b62171255d7125c8fbd06,squoosh,2.0.0,4.1.3,1621005429,119,0,0,0,0,0,0,0,0,0,0,0,0,0
GoogleChromeLabs/squoosh,ba5640835f8c59e205ebfa3b0a9115f5f3892a06,squoosh,2.0.0,4.1.3,1621005900,119,0,0,0,0,0,0,0,0,0,0,0,0,0
GoogleChromeLabs/squoosh,bdbb8b81acfffa09c738ca2798894d15f3f87c76,squoosh,2.0.0,4.1.3,1621034917,119,0,0,0,0,0,0,0,0,0,0,0,0,0
GoogleChromeLabs/squoosh,c9b83a87167ac0dc0d0149c4fb43252142449837,squoosh,2.0.0,4.1.3,1621035003,119,0,0,0,0,0,0,0,0,0,0,0,0,0
GoogleChromeLabs/squoosh,eb8204d69b7dab94cb1caf6c26664a16dcc843dc,squoosh,2.0.0,4.1.3,1621364019,113,0,0,0,0,0,0,0,0,0,0,0,0,0
GoogleChromeLabs/squoosh,c417bd0a7ad034b9f9545f18678fb2259c96aabf,squoosh,2.0.0,4.1.3,1621364563,113,0,0,0,0,0,0,0,0,0,0,0,0,0
GoogleChromeLabs/squoosh,8bcaeb2f78ea8a0cdd2bfbdf849cb02232e996b1,squoosh,2.0.0,4.1.3,1621364675,113,0,0,0,0,0,0,0,0,0,0,0,0,0
GoogleChromeLabs/squoosh,392aced394a0e0e55ff542a2253945803f93e668,squoosh,2.0.0,4.1.3,1621422900,112,0,0,0,0,0,0,0,0,0,0,0,0,0
GoogleChromeLabs/squoosh,4890c56abbd8cab662fc7a4e41466f3d94f4b17f,squoosh,2.0.0,4.1.3,1621423370,112,0,0,0,0,0,0,0,0,0,0,0,0,0
GoogleChromeLabs/squoosh,c04bb54f0d2b9f8a16803be1c40187a79939b17b,squoosh,2.0.0,4.1.3,1621423387,111,0,0,0,0,0,0,0,0,0,0,0,0,0
GoogleChromeLabs/squoosh,c36f4bebb84adbeea56b3a50c2b114ec8ceadbeb,squoosh,2.0.0,4.1.3,1621423715,111,0,0,0,0,0,0,0,0,0,0,0,0,0
GoogleChromeLabs/squoosh,4e1dcb819c62331b7d5aab7edf23def74b733e3a,squoosh,2.0.0,4.1.3,1621423805,111,0,0,0,0,0,0,0,0,0,0,0,0,0
GoogleChromeLabs/squoosh,114d6869ea26422147f0344c0f1b76b269ebdcf8,squoosh,2.0.0,4.1.3,1621425967,119,0,0,0,0,0,0,0,0,0,0,0,0,0
GoogleChromeLabs/squoosh,558ee0e5bad7690c50432148bddfe8bdd9ccb87a,squoosh,2.0.0,4.1.3,1621426572,119,0,0,0,0,0,0,0,0,0,0,0,0,0
GoogleChromeLabs/squoosh,be41088fb876676fa569ef171851b47f44ff5bd9,squoosh,2.0.0,4.1.3,1621434409,119,0,0,0,0,0,0,0,0,0,0,0,0,0
GoogleChromeLabs/squoosh,e8b1db5da606d36d5f38d44d82871ab0aa96cc60,squoosh,2.0.0,4.1.3,1621436284,119,0,0,0,0,0,0,0,0,0,0,0,0,0
GoogleChromeLabs/squoosh,720cb9887282ae801d39c6d2cf3028e1a7f3cfb4,squoosh,2.0.0,4.1.3,1621494749,111,0,0,0,0,0,0,0,0,0,0,0,0,0
GoogleChromeLabs/squoosh,1a891072c09cf27928ad22c58e9b70cdd2555303,squoosh,2.0.0,4.1.3,1621496197,111,0,0,0,0,0,0,0,0,0,0,0,0,0
GoogleChromeLabs/squoosh,8dfe35aa77578fa3274db1c6e7173a67024aa871,squoosh,2.0.0,4.1.3,1621501148,111,0,0,0,0,0,0,0,0,0,0,0,0,0
GoogleChromeLabs/squoosh,b0a7b21b0bc9e47ef2fc4f650d3dec57f90cab62,squoosh,2.0.0,4.1.3,1621501236,111,0,0,0,0,0,0,0,0,0,0,0,0,0
GoogleChromeLabs/squoosh,c5bbce6a1d4e1b414137c816c067f0e7aa9285d7,squoosh,2.0.0,4.1.3,1621501489,119,0,0,0,0,0,0,0,0,0,0,0,0,0
GoogleChromeLabs/squoosh,1aba7b51ee2aa4add6a586883a644f0eef404a9f,squoosh,2.0.0,4.1.3,1621501707,111,0,0,0,0,0,0,0,0,0,0,0,0,0
GoogleChromeLabs/squoosh,c9bc01b11194e31b92e9bfff385e92b053dbe1d7,squoosh,2.0.0,4.1.3,1621503448,119,0,0,0,0,0,0,0,0,0,0,0,0,0
GoogleChromeLabs/squoosh,a6f3bb596a8b17d5755236fb76d9dd709b722d0b,squoosh,2.0.0,4.1.3,1621510264,119,0,0,0,0,0,0,0,0,0,0,0,0,0
GoogleChromeLabs/squoosh,af8064380946aa5a001aff756f6b1c112d8d4bec,squoosh,2.0.0,4.1.3,1621592207,111,0,0,0,0,0,0,0,0,0,0,0,0,0
GoogleChromeLabs/squoosh,e0895ca074ff99a0bf94340cf3e947029176f359,squoosh,2.0.0,4.1.3,1621600698,119,0,0,0,0,0,0,0,0,0,0,0,0,0
GoogleChromeLabs/squoosh,925e5494660b553e978e4e59970be2ca89898e3a,squoosh,2.0.0,4.1.3,1621600823,119,0,0,0,0,0,0,0,0,0,0,0,0,0
GoogleChromeLabs/squoosh,83db97856ce64fd2f3cc6df861d00e3af6e420b2,squoosh,2.0.0,4.1.3,1621601530,119,0,0,0,0,0,0,0,0,0,0,0,0,0
GoogleChromeLabs/squoosh,8eb29bd79266a8e1193a7ed6779bb91a7f0100fb,squoosh,2.0.0,4.1.3,1621604636,119,0,0,0,0,0,0,0,0,0,0,0,0,0
GoogleChromeLabs/squoosh,1dc24a5c3601b0cb45a67d663ae9771b65e7cc58,squoosh,2.0.0,4.1.3,1621606258,119,0,0,0,0,0,0,0,0,0,0,0,0,0
GoogleChromeLabs/squoosh,118885cd2645184de2e07f5852c42cb6241f3e55,squoosh,2.0.0,4.1.3,1621606380,113,0,0,0,0,0,0,0,0,0,0,0,0,0
GoogleChromeLabs/squoosh,2f00fe2b1b7b436b0441cc1a564fd8ab2cf9372d,squoosh,2.0.0,4.1.3,1621606462,113,0,0,0,0,0,0,0,0,0,0,0,0,0
GoogleChromeLabs/squoosh,f779e13bc806243767e561e4a1aeb645bd9ab373,squoosh,2.0.0,4.1.3,1621857048,111,0,0,0,0,0,0,0,0,0,0,0,0,0
GoogleChromeLabs/squoosh,4033d1c96501381d85250bc04f7506f8b2494e07,squoosh,2.0.0,4.1.3,1621867178,113,0,0,0,0,0,0,0,0,0,0,0,0,0
GoogleChromeLabs/squoosh,96b6dc8e6eb9dda8832dbaecf7421b8bf651753b,squoosh,2.0.0,4.1.3,1621868769,113,0,0,0,0,0,0,0,0,0,0,0,0,0
GoogleChromeLabs/squoosh,cbfa503fcbc92f36ee5cd0e05ddf1c02640a06e7,squoosh,2.0.0,4.1.3,1621869965,113,0,0,0,0,0,0,0,0,0,0,0,0,0
GoogleChromeLabs/squoosh,58661078e2380cf509f4f668edab4062902c1132,squoosh,2.0.0,4.1.3,1621869980,113,0,0,0,0,0,0,0,0,0,0,0,0,0
GoogleChromeLabs/squoosh,128096afd936b93be94bbebddb902e2fe40a01eb,squoosh,2.0.0,4.1.3,1621870152,113,0,0,0,0,0,0,0,0,0,0,0,0,0
GoogleChromeLabs/squoosh,4192c607f1f72dd8eb920c326373c37e9fc73b6f,squoosh,2.0.0,4.1.3,1621872534,113,0,0,0,0,0,0,0,0,0,0,0,0,0
GoogleChromeLabs/squoosh,fa331586d77a48b597e15dab711d20983e58a546,squoosh,2.0.0,4.1.3,1621875413,113,0,0,0,0,0,0,0,0,0,0,0,0,0
GoogleChromeLabs/squoosh,2ee1dfa867f09e86e849c9893557dd35b568d5a2,squoosh,2.0.0,4.1.3,1621896866,113,0,0,0,0,0,0,0,0,0,0,0,0,0
GoogleChromeLabs/squoosh,12fb647fdedfc8d8fa971f2a5df86df1a82dd8bb,squoosh,2.0.0,4.1.3,1621897044,113,0,0,0,0,0,0,0,0,0,0,0,0,0
GoogleChromeLabs/squoosh,c683dfaaedfd92edc9f4d0795ae4d4a394b02a74,squoosh,2.0.0,4.1.3,1621897053,113,0,0,0,0,0,0,0,0,0,0,0,0,0
GoogleChromeLabs/squoosh,f414092ea936852133c5873c63ab104df65f2d3c,squoosh,2.0.0,4.1.3,1621897095,113,0,0,0,0,0,0,0,0,0,0,0,0,0
GoogleChromeLabs/squoosh,99f2286a737f52831aef0f77699def844bd7a170,squoosh,2.0.0,4.1.3,1621939590,113,0,0,0,0,0,0,0,0,0,0,0,0,0
GoogleChromeLabs/squoosh,f91c7a267db9f3782dc504d7f2d3841362f6595e,squoosh,2.0.0,4.1.3,1621939794,113,0,0,0,0,0,0,0,0,0,0,0,0,0
GoogleChromeLabs/squoosh,ba0df8e2ff9d021da6daf8182c11253a0b8200c4,squoosh,2.0.0,4.1.3,1621944250,113,0,0,0,0,0,0,0,0,0,0,0,0,0
GoogleChromeLabs/squoosh,a811b6cf412ab6a5b7a62d3048fe312ca8c81ffa,squoosh,2.0.0,4.1.3,1621944262,113,0,0,0,0,0,0,0,0,0,0,0,0,0
GoogleChromeLabs/squoosh,c260f3e2805bf4f608d9b6c95ddae54e0efd2eb7,squoosh,2.0.0,4.1.3,1621944263,111,0,0,0,0,0,0,0,0,0,0,0,0,0
GoogleChromeLabs/squoosh,45187c49328a0b2d9cb5d83210022fde5a0f38a5,squoosh,2.0.0,4.1.3,1621944263,111,0,0,0,0,0,0,0,0,0,0,0,0,0
GoogleChromeLabs/squoosh,9b8d3b1bd86bf861452259e88fb06f3e41729bbe,squoosh,2.0.0,4.1.3,1621944263,111,0,0,0,0,0,0,0,0,0,0,0,0,0
GoogleChromeLabs/squoosh,397193a5f5c12cf606b74ad8d30b111904dd9b14,squoosh,2.0.0,4.1.3,1621949382,113,0,0,0,0,0,0,0,0,0,0,0,0,0
GoogleChromeLabs/squoosh,765402404abe3e5216be00466e1133171fb7660c,squoosh,2.0.0,4.1.3,1622045693,111,0,0,0,0,0,0,0,0,0,0,0,0,0
GoogleChromeLabs/squoosh,223da087b2e2d04b6526788c38641d17a194bbbf,squoosh,2.0.0,4.1.3,1622059697,111,0,0,0,0,0,0,0,0,0,0,0,0,0
GoogleChromeLabs/squoosh,e2d1adf5e93e7e95baf2453b2e341c56785b19e7,squoosh,2.0.0,4.1.3,1622059708,111,0,0,0,0,0,0,0,0,0,0,0,0,0
GoogleChromeLabs/squoosh,40c81ef782e5c1737a37d468079dd09aa66f0784,squoosh,2.0.0,4.1.3,1622103197,114,0,0,0,0,0,0,0,0,0,0,0,0,0
GoogleChromeLabs/squoosh,8f9c0ff0e771a6ca16732802d427e649ac89ef64,squoosh,2.0.0,4.1.3,1622103253,114,0,0,0,0,0,0,0,0,0,0,0,0,0
GoogleChromeLabs/squoosh,c4783b03df726622dd42cc66251ce8f5d57c20a3,squoosh,2.0.0,4.1.3,1622107838,114,0,0,0,0,0,0,0,0,0,0,0,0,0
GoogleChromeLabs/squoosh,e4832644f225f50fc178cbc3db9d40cfc7e0d70b,squoosh,2.0.0,4.1.3,1622110483,119,0,0,0,0,0,0,0,0,0,0,0,0,0
GoogleChromeLabs/squoosh,dc86b3363442c92a72bbefdcf4bf6206190f09af,squoosh,2.0.0,4.1.3,1622112050,119,0,0,0,0,0,0,0,0,0,0,0,0,0
GoogleChromeLabs/squoosh,9278b8a1ab58b6591669db57f0a755eb604a77dd,squoosh,2.0.0,4.1.3,1622112643,119,0,0,0,0,0,0,0,0,0,0,0,0,0
GoogleChromeLabs/squoosh,41f4f7778ff53e4cb59ef07e113fee9665eb6d14,squoosh,2.0.0,4.1.3,1622118110,119,0,0,0,0,0,0,0,0,0,0,0,0,0
GoogleChromeLabs/squoosh,8dc532eb09c685d31ba56317959b85a9fdc49875,squoosh,2.0.0,4.1.3,1622120012,119,0,0,0,0,0,0,0,0,0,0,0,0,0
GoogleChromeLabs/squoosh,fc590918ed88773751be1fba617e65e02f32dcc3,squoosh,2.0.0,4.1.3,1622348218,114,0,0,0,0,0,0,0,0,0,0,0,0,0
GoogleChromeLabs/squoosh,31b263fc279b7450c2197c09a0739ac1c565b481,squoosh,2.0.0,4.1.3,1622365561,114,0,0,0,0,0,0,0,0,0,0,0,0,0
GoogleChromeLabs/squoosh,30445927ead426c489127cca93ce13bca01aad31,squoosh,2.0.0,4.1.3,1622490328,116,0,0,0,0,0,0,0,0,0,0,0,0,0
GoogleChromeLabs/squoosh,886d8d632b1fa27e5a5e87bce2401251e21e1b02,squoosh,2.0.0,4.1.3,1622555591,111,0,0,0,0,0,0,0,0,0,0,0,0,0
GoogleChromeLabs/squoosh,d07c57ecaad08759bd8a63d10fe3ddd461c51eb2,squoosh,2.0.0,4.1.3,1622649794,112,0,0,0,0,0,0,0,0,0,0,0,0,0
GoogleChromeLabs/squoosh,dd0adba6b194a603c2b912aff1d449d761d3ef22,squoosh,2.0.0,4.1.3,1622649794,114,0,0,0,0,0,0,0,0,0,0,0,0,0
GoogleChromeLabs/squoosh,426f31e548cc3e622702efa7bad9f6fa32997c12,squoosh,2.0.0,4.1.3,1622649794,114,0,0,0,0,0,0,0,0,0,0,0,0,0
GoogleChromeLabs/squoosh,2037fe8964cfe033a0f8c5d215cd2cb1add8764a,squoosh,2.0.0,4.1.3,1622649794,112,0,0,0,0,0,0,0,0,0,0,0,0,0
GoogleChromeLabs/squoosh,7d111b6a438a06f1454915212e1d198256d966e1,squoosh,2.0.0,4.1.3,1622649794,112,0,0,0,0,0,0,0,0,0,0,0,0,0
GoogleChromeLabs/squoosh,d63823d19696b851f21c5b9a686cfc04e371195d,squoosh,2.0.0,4.1.3,1622649794,112,0,0,0,0,0,0,0,0,0,0,0,0,0
GoogleChromeLabs/squoosh,e7d55bf90331465f24bd3a1134f2f2e41ee8535e,squoosh,2.0.0,4.1.3,1622649794,112,0,0,0,0,0,0,0,0,0,0,0,0,0
GoogleChromeLabs/squoosh,687cf5aae25808989e8dfba752f6ea9cb6d81cb3,squoosh,2.0.0,4.1.3,1622649794,112,0,0,0,0,0,0,0,0,0,0,0,0,0
GoogleChromeLabs/squoosh,2bc4ab8fd6380d4144ec09c55ec8dfd5fa9e8c88,squoosh,2.0.0,4.1.3,1622713009,112,0,0,0,0,0,0,0,0,0,0,0,0,0
GoogleChromeLabs/squoosh,ed03a37fb8de7f9c7a5de16cd36131d073ddad2a,squoosh,2.0.0,4.1.3,1622715521,112,0,0,0,0,0,0,0,0,0,0,0,0,0
GoogleChromeLabs/squoosh,066e9acf93b8fc2b27195c2b0da28f257b6dc329,squoosh,2.0.0,4.1.3,1622733043,120,0,0,0,0,0,0,0,0,0,0,0,0,0
GoogleChromeLabs/squoosh,8c5b4f33bf5a4f6ec355a15064ffe5a07c64575f,squoosh,2.0.0,4.1.3,1622733233,114,0,0,0,0,0,0,0,0,0,0,0,0,0
GoogleChromeLabs/squoosh,543c2e73fb3400e2010f01fb0f2a414e4b9c208a,squoosh,2.0.0,4.1.3,1622733386,114,0,0,0,0,0,0,0,0,0,0,0,0,0
GoogleChromeLabs/squoosh,0e09d0b33f412c7e6c1c7c269adc5c796d886ba1,squoosh,2.0.0,4.1.3,1622739044,115,0,0,0,0,0,0,0,0,0,0,0,0,0
GoogleChromeLabs/squoosh,e5b2030666f7a8698eca8aca4c0ab585c4c31d48,squoosh,2.0.0,4.1.3,1622739276,113,0,0,0,0,0,0,0,0,0,0,0,0,0
GoogleChromeLabs/squoosh,c7b998a8775098d1298022e6ba98c5edfd153de7,squoosh,2.0.0,4.1.3,1622810037,112,0,0,0,0,0,0,0,0,0,0,0,0,0
GoogleChromeLabs/squoosh,6a4982bf4c9730e758c45a7a4e0d51f73cc73ee8,squoosh,2.0.0,4.1.3,1622811166,112,0,0,0,0,0,0,0,0,0,0,0,0,0
GoogleChromeLabs/squoosh,18e3d77aefef08fdccdbbb84714f21fbd0c0acbd,squoosh,2.0.0,4.1.3,1622812707,112,0,0,0,0,0,0,0,0,0,0,0,0,0
GoogleChromeLabs/squoosh,9fcb4a4c559221c3bbd9e2a24e06f348b090336e,squoosh,2.0.0,4.1.3,1622813003,112,0,0,0,0,0,0,0,0,0,0,0,0,0
GoogleChromeLabs/squoosh,2aa691339c030934a0edae789b68f80f8be0cb28,squoosh,2.0.0,4.1.3,1622813157,112,0,0,0,0,0,0,0,0,0,0,0,0,0
GoogleChromeLabs/squoosh,cf570a4d3fb9de50f0adf6a2222d5ef12ff3aa8d,squoosh,2.0.0,4.1.3,1622813356,112,0,0,0,0,0,0,0,0,0,0,0,0,0
GoogleChromeLabs/squoosh,5df04f64197124ab61b294e8d579bdb3e39200aa,squoosh,2.0.0,4.1.3,1622814670,112,0,0,0,0,0,0,0,0,0,0,0,0,0
GoogleChromeLabs/squoosh,c036866478d2a3d2208a41445923d641023a2fae,squoosh,2.0.0,4.1.3,1622816622,119,0,0,0,0,0,0,0,0,0,0,0,0,0
GoogleChromeLabs/squoosh,08adfba8bef98dae97311b75e49117aeb787ebd4,squoosh,2.0.0,4.1.3,1622817983,113,0,0,0,0,0,0,0,0,0,0,0,0,0
GoogleChromeLabs/squoosh,2d4c1906e1f089d92fa0f7a6f2aeb5712337fea6,squoosh,2.0.0,4.1.3,1622818633,119,0,0,0,0,0,0,0,0,0,0,0,0,0
GoogleChromeLabs/squoosh,0cb454295b4d35b672d63ca6cf2066e60fbb2afb,squoosh,2.0.0,4.1.3,1622820683,119,0,0,0,0,0,0,0,0,0,0,0,0,0
GoogleChromeLabs/squoosh,1ec3b3685866f51622e12bd9c3f67b396ac0ce49,squoosh,2.0.0,4.1.3,1622820918,120,0,0,0,0,0,0,0,0,0,0,0,0,0
GoogleChromeLabs/squoosh,1af5d1fa7bbb83013937ed96f630feb1d4b1fbe0,squoosh,2.0.0,4.1.3,1622826751,116,0,0,0,0,0,0,0,0,0,0,0,0,0
GoogleChromeLabs/squoosh,7918938d8a69488889927d99a2a1a00251689ffa,squoosh,2.0.0,4.1.3,1623092366,114,0,0,0,0,0,0,0,0,0,0,0,0,0
GoogleChromeLabs/squoosh,ad6f91692f34edd7daa795735f7c7d0387d6116d,squoosh,2.0.0,4.1.3,1623092484,114,0,0,0,0,0,0,0,0,0,0,0,0,0
GoogleChromeLabs/squoosh,73b3fd0ef38092309f796bc1cdeb6316cce99904,squoosh,2.0.0,4.1.3,1623092533,115,0,0,0,0,0,0,0,0,0,0,0,0,0
GoogleChromeLabs/squoosh,6ed26ec70c4780489772cb90f43221b760f541e5,squoosh,2.0.0,4.1.3,1623092691,115,0,0,0,0,0,0,0,0,0,0,0,0,0
GoogleChromeLabs/squoosh,32107124e6af56a7b4076ebda4dffb3fdfa00a31,squoosh,2.0.0,4.1.3,1623163391,112,0,0,0,0,0,0,0,0,0,0,0,0,0
GoogleChromeLabs/squoosh,be037754ceb667a2979ce2ba025c4726aea79e88,squoosh,2.0.0,4.1.3,1623163413,112,0,0,0,0,0,0,0,0,0,0,0,0,0
GoogleChromeLabs/squoosh,f6431d814776dcd0faf5aa6fcc4add69d7ddae3a,squoosh,2.0.0,4.1.3,1623164056,112,0,0,0,0,0,0,0,0,0,0,0,0,0
GoogleChromeLabs/squoosh,8ef8cef5223224f426039c4a6ace7f4517ddb726,squoosh,2.0.0,4.1.3,1623164290,112,0,0,0,0,0,0,0,0,0,0,0,0,0
GoogleChromeLabs/squoosh,3ec7d4db164f246cbe9b436100767698fd9e21d6,squoosh,2.0.0,4.1.3,1623164387,112,0,0,0,0,0,0,0,0,0,0,0,0,0
GoogleChromeLabs/squoosh,5f7c619413d50fc4d5adacd89c76a1d7a88f04c8,squoosh,2.0.0,4.1.3,1623164563,112,0,0,0,0,0,0,0,0,0,0,0,0,0
GoogleChromeLabs/squoosh,89105bbb22e6247e568af97250477268d7284d11,squoosh,2.0.0,4.1.3,1623164852,112,0,0,0,0,0,0,0,0,0,0,0,0,0
GoogleChromeLabs/squoosh,011d0c2099a82fc681e88c0c486911ab666a0a61,squoosh,2.0.0,4.1.3,1623167468,112,0,0,0,0,0,0,0,0,0,0,0,0,0
GoogleChromeLabs/squoosh,a18ed360ebf77ffb5be1ed0b990e1fc8a11b622c,squoosh,2.0.0,4.1.3,1623175777,117,0,0,0,0,0,0,0,0,0,0,0,0,0
GoogleChromeLabs/squoosh,5707eeff411f1976492968f319692219e9d76fe3,squoosh,2.0.0,4.1.3,1623176902,118,0,0,0,0,0,0,0,0,0,0,0,0,0
GoogleChromeLabs/squoosh,ffb9135a7af6b87396ad80135a4efed6607b7f5f,squoosh,2.0.0,4.1.3,1623234900,113,0,0,0,0,0,0,0,0,0,0,0,0,0
GoogleChromeLabs/squoosh,9a37cc795965e713bb20d8bc30ff0b95aa1a8b9a,squoosh,2.0.0,4.1.3,1623237420,113,0,0,0,0,0,0,0,0,0,0,0,0,0
GoogleChromeLabs/squoosh,1b59c3f47a53b054d02c0d8083405ca63ae91d8a,squoosh,2.0.0,4.1.3,1623255090,118,0,0,0,0,0,0,0,0,0,0,0,0,0
GoogleChromeLabs/squoosh,be3249bf2fa3cbe3bfeb77c8394da47887d30493,squoosh,2.0.0,4.1.3,1623339119,113,0,0,0,0,0,0,0,0,0,0,0,0,0
GoogleChromeLabs/squoosh,d7090042a679bb448b839feb6db9b0996d38485a,squoosh,2.0.0,4.1.3,1623342358,113,0,0,0,0,0,0,0,0,0,0,0,0,0
GoogleChromeLabs/squoosh,3d58c616af465eda92d7724301f500dde8fcd4ba,squoosh,2.0.0,4.1.3,1623342662,118,0,0,0,0,0,0,0,0,0,0,0,0,0
GoogleChromeLabs/squoosh,5e14444b13427bad5b4d5c6d401eb5a9f83954fe,squoosh,2.0.0,4.1.3,1623418590,113,0,0,0,0,0,0,0,0,0,0,0,0,0
GoogleChromeLabs/squoosh,5595525c8a7d0020f55fac069b3de851b06a3168,squoosh,2.0.0,4.1.3,1623425123,113,0,0,0,0,0,0,0,0,0,0,0,0,0
GoogleChromeLabs/squoosh,828f9a5eebd172158d540d849546de73f3a9e343,squoosh,2.0.0,4.1.3,1623750353,113,0,0,0,0,0,0,0,0,0,0,0,0,0
GoogleChromeLabs/squoosh,1d292468b07ef8af81c24b00f4ad0710ce0080e4,squoosh,2.0.0,4.1.3,1623834826,113,0,0,0,0,0,0,0,0,0,0,0,0,0
GoogleChromeLabs/squoosh,eb76fbc4bc07cff782c88af9459c5a7e5d1662e6,squoosh,2.0.0,4.1.3,1623840215,118,0,0,0,0,0,0,0,0,0,0,0,0,0
GoogleChromeLabs/squoosh,324b04d398545864f0de9bac316404b1b6d6b8f6,squoosh,2.0.0,4.1.3,1623840441,118,0,0,0,0,0,0,0,0,0,0,0,0,0
GoogleChromeLabs/squoosh,14a715e952c0fee782047e45e3b4643fb23c0e81,squoosh,2.0.0,4.1.3,1623844597,113,0,0,0,0,0,0,0,0,0,0,0,0,0
GoogleChromeLabs/squoosh,3d136016e209fd0509d9312a6fd7b64b8e6ea5a4,squoosh,2.0.0,4.1.3,1623847464,113,0,0,0,0,0,0,0,0,0,0,0,0,0
GoogleChromeLabs/squoosh,b1f50cd27ca4c7f936b1f3b705dc798615a2021e,squoosh,2.0.0,4.1.3,1623848057,113,0,0,0,0,0,0,0,0,0,0,0,0,0
GoogleChromeLabs/squoosh,5bc80e66ecbf3d0e3e73357932cce43e1e37704a,squoosh,2.0.0,4.1.3,1623848089,118,0,0,0,0,0,0,0,0,0,0,0,0,0
GoogleChromeLabs/squoosh,1e52837931b179ed7b96de131e2f4b89fe396e9d,squoosh,2.0.0,4.1.3,1623859374,118,0,0,0,0,0,0,0,0,0,0,0,0,0
GoogleChromeLabs/squoosh,32e352866693f08448a3dde2bac4d5454be09f89,squoosh,2.0.0,4.1.3,1623859875,118,0,0,0,0,0,0,0,0,0,0,0,0,0
GoogleChromeLabs/squoosh,851da2530204e4e18227935a97e8e78c90b94739,squoosh,2.0.0,4.1.3,1623860017,118,0,0,0,0,0,0,0,0,0,0,0,0,0
GoogleChromeLabs/squoosh,3d225966c50023b9cd9520ee6c8da3fdf5edd021,squoosh,2.0.0,4.1.3,1623860039,118,0,0,0,0,0,0,0,0,0,0,0,0,0
GoogleChromeLabs/squoosh,955b2ac1ba4c92da607a6e2cb4064143ad7fc1ce,squoosh,2.0.0,4.1.3,1624024280,118,0,0,0,0,0,0,0,0,0,0,0,0,0
GoogleChromeLabs/squoosh,61de471e52147ecdc8ff674f3fcd3bbf69bb214a,squoosh,2.0.0,4.1.3,1624028283,118,0,0,0,0,0,0,0,0,0,0,0,0,0
GoogleChromeLabs/squoosh,d604e94ad2db0c70420947c5124f592d89d733a3,squoosh,2.0.0,4.1.3,1624043917,118,0,0,0,0,0,0,0,0,0,0,0,0,0
GoogleChromeLabs/squoosh,aea316c604b0fbadbe4670ed33dee8f703b59225,squoosh,2.0.0,4.1.3,1624095652,118,0,0,0,0,0,0,0,0,0,0,0,0,0
GoogleChromeLabs/squoosh,55c4aa51acb6d97045f2581ed19d4244498fb898,squoosh,2.0.0,4.1.3,1624109155,118,0,0,0,0,0,0,0,0,0,0,0,0,0
GoogleChromeLabs/squoosh,f6f70c590eecbd185758db044b481f5bf0b8d4ce,squoosh,2.0.0,4.1.3,1624273161,118,0,0,0,0,0,0,0,0,0,0,0,0,0
GoogleChromeLabs/squoosh,955079b18f492e5c58177b8e63c9cb34d5ecf43e,squoosh,2.0.0,4.1.3,1624276412,118,0,0,0,0,0,0,0,0,0,0,0,0,0
GoogleChromeLabs/squoosh,6e58e8edb0e73203290086bf8c99ab74cbd1654f,squoosh,2.0.0,4.1.3,1624276708,118,0,0,0,0,0,0,0,0,0,0,0,0,0
GoogleChromeLabs/squoosh,dbb31a1addd420423c2be7199bbdee8299aa24eb,squoosh,2.0.0,4.1.3,1624276721,118,0,0,0,0,0,0,0,0,0,0,0,0,0
GoogleChromeLabs/squoosh,07a288398e16b2cb68ef1605434dce7031e59c8e,squoosh,2.0.0,4.1.3,1624441167,118,0,0,0,0,0,0,0,0,0,0,0,0,0
GoogleChromeLabs/squoosh,187a5bed01697e696acbf8df15b88a2005cdc69e,squoosh,2.0.0,4.1.3,1624520049,118,0,0,0,0,0,0,0,0,0,0,0,0,0
GoogleChromeLabs/squoosh,0e84a5b5f78b44c0e639b4de72f44673d589cfd6,squoosh,2.0.0,4.1.3,1624528586,118,0,0,0,0,0,0,0,0,0,0,0,0,0
GoogleChromeLabs/squoosh,d8297aad1065d8a2abd39b7df296c89c7a990d6b,squoosh,2.0.0,4.1.3,1624546997,118,0,0,0,0,0,0,0,0,0,0,0,0,0
GoogleChromeLabs/squoosh,149ebf5a67966cbc3a406e693f6973bc9877891a,squoosh,2.0.0,4.1.3,1624548931,118,0,0,0,0,0,0,0,0,0,0,0,0,0
GoogleChromeLabs/squoosh,d12b040bd31e1a33ccf15f16a781c7f2e9c7c6eb,squoosh,2.0.0,4.1.3,1624550877,118,0,0,0,0,0,0,0,0,0,0,0,0,0
GoogleChromeLabs/squoosh,d4056026fbad37a9d1f7a8f9fda0899e080f8bf3,squoosh,2.0.0,4.1.3,1624576285,118,0,0,0,0,0,0,0,0,0,0,0,0,0
GoogleChromeLabs/squoosh,a2121ec47bafaa084dd8c6911c89bbc4b4167f14,squoosh,2.0.0,4.1.3,1624825663,119,0,0,0,0,0,0,0,0,0,0,0,0,0
GoogleChromeLabs/squoosh,fb7e00067f7f00263d1c540c842d1e1c5036ef6f,squoosh,2.0.0,4.1.3,1625060600,118,0,0,0,0,0,0,0,0,0,0,0,0,0
GoogleChromeLabs/squoosh,4f6d21199cdba5d70df3f0e78d81cde680879de1,squoosh,2.0.0,4.1.3,1625090938,118,0,0,0,0,0,0,0,0,0,0,0,0,0
GoogleChromeLabs/squoosh,a11ac150085c34b20fc117c34aa17fec14efe6da,squoosh,2.0.0,4.1.3,1625134260,118,0,0,0,0,0,0,0,0,0,0,0,0,0
GoogleChromeLabs/squoosh,b38765b4e6e0f8c4571e38cdd7457da1aef02d25,squoosh,2.0.0,4.1.3,1625149333,118,0,0,0,0,0,0,0,0,0,0,0,0,0
GoogleChromeLabs/squoosh,99741d665de6f7cc0e3809d4b63dda9ca3e05df1,squoosh,2.0.0,4.1.3,1625149343,119,0,0,0,0,0,0,0,0,0,0,0,0,0
GoogleChromeLabs/squoosh,79efd0d32e8623e46c341796af2747c2303d360f,squoosh,2.0.0,4.1.3,1625150732,118,0,0,0,0,0,0,0,0,0,0,0,0,0
GoogleChromeLabs/squoosh,883bb92e48d5523e9373f5b480a37735c1cdea0f,squoosh,2.0.0,4.1.3,1625150738,119,0,0,0,0,0,0,0,0,0,0,0,0,0
GoogleChromeLabs/squoosh,ad5002c79cccab7291b7bbb5d9f6270087ca6d4e,squoosh,2.0.0,4.1.3,1625151186,119,0,0,0,0,0,0,0,0,0,0,0,0,0
GoogleChromeLabs/squoosh,021b082884d875d7ea451e43591c8966689b132d,squoosh,2.0.0,4.1.3,1625538260,119,0,0,0,0,0,0,0,0,0,0,0,0,0
GoogleChromeLabs/squoosh,d953822d19f6260cf1881406ae80de05f16a548f,squoosh,2.0.0,4.1.3,1625539024,119,0,0,0,0,0,0,0,0,0,0,0,0,0
GoogleChromeLabs/squoosh,fe21322b2bf174567e2fa491453b6ea15e6aec9a,squoosh,2.0.0,4.1.3,1625596444,119,0,0,0,0,0,0,0,0,0,0,0,0,0
GoogleChromeLabs/squoosh,192cfc62ee85037769a203478a7097facdb25201,squoosh,2.0.0,4.1.3,1625666264,119,0,0,0,0,0,0,0,0,0,0,0,0,0
GoogleChromeLabs/squoosh,b5c1c72e651a5756aecd691b0feeaf7a4662347a,squoosh,2.0.0,4.1.3,1625852478,119,0,0,0,0,0,0,0,0,0,0,0,0,0
GoogleChromeLabs/squoosh,7684c8f3865304e1311472ecdb81fc56f736bd3b,squoosh,2.0.0,4.1.3,1625852546,119,0,0,0,0,0,0,0,0,0,0,0,0,0
GoogleChromeLabs/squoosh,e0a852cb9f1781e590eb94748417942bfc502344,squoosh,2.0.0,4.1.3,1625852580,119,0,0,0,0,0,0,0,0,0,0,0,0,0
GoogleChromeLabs/squoosh,b243344f9edad0c418202080d36c52462364bfee,squoosh,2.0.0,4.1.3,1625852599,119,0,0,0,0,0,0,0,0,0,0,0,0,0
GoogleChromeLabs/squoosh,cea6a61366892db13439b9f30b186f731164c067,squoosh,2.0.0,4.1.3,1625860398,119,0,0,0,0,0,0,0,0,0,0,0,0,0
GoogleChromeLabs/squoosh,f5d9535fd210dffbd173d7d131366898d216d000,squoosh,2.0.0,4.1.3,1626102831,119,0,0,0,0,0,0,0,0,0,0,0,0,0
GoogleChromeLabs/squoosh,71ca1ab0cae0b9140f70af3f49cb212d7102e290,squoosh,2.0.0,4.1.3,1626115237,119,0,0,0,0,0,0,0,0,0,0,0,0,0
GoogleChromeLabs/squoosh,cc9a887386aa35caa511fb791deba093a762694d,squoosh,2.0.0,4.1.3,1626190395,119,0,0,0,0,0,0,0,0,0,0,0,0,0
GoogleChromeLabs/squoosh,3b0b7dbdb1cd4852be6cd88ab5f91f5df085d9d3,squoosh,2.0.0,4.1.3,1626192026,119,0,0,0,0,0,0,0,0,0,0,0,0,0
GoogleChromeLabs/squoosh,ef176d75654e29e86739543a29c2ecf3da458e21,squoosh,2.0.0,4.1.3,1626205090,119,0,0,0,0,0,0,0,0,0,0,0,0,0
GoogleChromeLabs/squoosh,8262c79bb63393eb852fc760d901a9f8d6ff010b,squoosh,2.0.0,4.1.3,1626205110,119,0,0,0,0,0,0,0,0,0,0,0,0,0
GoogleChromeLabs/squoosh,cd20082e5d6888016e5e51b5cc2a70f5da178128,squoosh,2.0.0,4.1.3,1626694603,119,0,0,0,0,0,0,0,0,0,0,0,0,0
GoogleChromeLabs/squoosh,2c561687af8e459fab19bcd17972d1b8fa08d6d0,squoosh,2.0.0,4.1.3,1626694791,119,0,0,0,0,0,0,0,0,0,0,0,0,0
GoogleChromeLabs/squoosh,0719abff2710fdcde9809a1ae04cf999e00abcfe,squoosh,2.0.0,4.1.3,1626694921,119,0,0,0,0,0,0,0,0,0,0,0,0,0
GoogleChromeLabs/squoosh,d4d0db6c49c322bfeabe6bab5d271c3a4b4213f3,squoosh,2.0.0,4.1.3,1626709672,119,0,0,0,0,0,0,0,0,0,0,0,0,0
GoogleChromeLabs/squoosh,f848a9384e1cd36771616825adbc63bb6e978ff1,squoosh,2.0.0,4.1.3,1626709693,119,0,0,0,0,0,0,0,0,0,0,0,0,0
GoogleChromeLabs/squoosh,bf683cdf59cb6ab33e5460ff6fefb10de7470d76,squoosh,2.0.0,4.1.3,1626712074,119,0,0,0,0,0,0,0,0,0,0,0,0,0
GoogleChromeLabs/squoosh,7232524f4da95cee21745b81bc1c34e879b4a07e,squoosh,2.0.0,4.1.3,1626740403,119,0,0,0,0,0,0,0,0,0,0,0,0,0
GoogleChromeLabs/squoosh,ff40000473120037ba5912bf36417f46957b2374,squoosh,2.0.0,4.1.3,1626740903,119,0,0,0,0,0,0,0,0,0,0,0,0,0
GoogleChromeLabs/squoosh,b37cc0784f5f0a95521c1c2fbe818604fe373f5f,squoosh,2.0.0,4.1.3,1626741118,119,0,0,0,0,0,0,0,0,0,0,0,0,0
GoogleChromeLabs/squoosh,f038c1bd7da9b451141b2fcdc326657f88f5addb,squoosh,2.0.0,4.1.3,1626776779,119,0,0,0,0,0,0,0,0,0,0,0,0,0
GoogleChromeLabs/squoosh,fb867dcdaa64d408626d94c86ab6d6c60a309e9a,squoosh,2.0.0,4.1.3,1626778248,118,0,0,0,0,0,0,0,0,0,0,0,0,0
GoogleChromeLabs/squoosh,d5f12a8c61651e1e7d976bb77ecc3b44f8c786db,squoosh,2.0.0,4.1.3,1626778270,119,0,0,0,0,0,0,0,0,0,0,0,0,0
GoogleChromeLabs/squoosh,0977bd94d387bd28d8885bbc623c77a0c0931c06,squoosh,2.0.0,4.1.3,1626778907,119,0,0,0,0,0,0,0,0,0,0,0,0,0
GoogleChromeLabs/squoosh,48efb4ddebd2d78eec601d98060a94be7674dce5,squoosh,2.0.0,4.1.3,1626792947,119,0,0,0,0,0,0,0,0,0,0,0,0,0
GoogleChromeLabs/squoosh,490fe2aace8f8f4ad39dca56d2661a55dd7cb7e1,squoosh,2.0.0,4.1.3,1626804863,119,0,0,0,0,0,0,0,0,0,0,0,0,0
GoogleChromeLabs/squoosh,9b36c3f9af6abc235974ad5c100e432b8b3ff387,squoosh,2.0.0,4.1.3,1626804894,119,0,0,0,0,0,0,0,0,0,0,0,0,0
GoogleChromeLabs/squoosh,011c0346c110a71e2f3995ecc8213c1d775f2b6b,squoosh,2.0.0,4.1.3,1626805043,119,0,0,0,0,0,0,0,0,0,0,0,0,0
GoogleChromeLabs/squoosh,bf95eb39c2d837e388dec66eb35d9ad1f1d70ca7,squoosh,2.0.0,4.1.3,1626880604,119,0,0,0,0,0,0,0,0,0,0,0,0,0
GoogleChromeLabs/squoosh,9ae27c188757df7de819ee258abfde79560def0f,squoosh,2.0.0,4.1.3,1626883401,119,0,0,0,0,0,0,0,0,0,0,0,0,0
GoogleChromeLabs/squoosh,c582c5492293a711e4d7560d9d94272f1669602e,squoosh,2.0.0,4.1.3,1626884159,119,0,0,0,0,0,0,0,0,0,0,0,0,0
GoogleChromeLabs/squoosh,2427763a14fb5e1740f7ed8074a378cd1a7545aa,squoosh,2.0.0,4.1.3,1626884359,119,0,0,0,0,0,0,0,0,0,0,0,0,0
GoogleChromeLabs/squoosh,a040c47047f230feb604ff443dbb4a607cda25a3,squoosh,2.0.0,4.1.3,1626886552,119,0,0,0,0,0,0,0,0,0,0,0,0,0
GoogleChromeLabs/squoosh,04580b0bcbd8c12433b857b58a15b67bcf2510e9,squoosh,2.0.0,4.1.3,1626976099,119,0,0,0,0,0,0,0,0,0,0,0,0,0
GoogleChromeLabs/squoosh,a726adf0e838be53aeb615b9956bd8d61cc2c96e,squoosh,2.0.0,4.1.3,1627042521,119,0,0,0,0,0,0,0,0,0,0,0,0,0
GoogleChromeLabs/squoosh,9198f748b809682b0f1a74948fe25c6063f78c6a,squoosh,2.0.0,4.1.3,1627043857,119,0,0,0,0,0,0,0,0,0,0,0,0,0
GoogleChromeLabs/squoosh,3f2dd6672612f66dab49c4dc9eeaca02ea2bebf9,squoosh,2.0.0,4.1.3,1627044586,119,0,0,0,0,0,0,0,0,0,0,0,0,0
GoogleChromeLabs/squoosh,ce7be359c08ba0efc826e787b2a33cc2868a70e8,squoosh,2.0.0,4.1.3,1627316580,119,0,0,0,0,0,0,0,0,0,0,0,0,0
GoogleChromeLabs/squoosh,3d4c62fede83403267698380fae6152bb8c2ed73,squoosh,2.0.0,4.1.3,1627316586,119,0,0,0,0,0,0,0,0,0,0,0,0,0
GoogleChromeLabs/squoosh,16a53caa48d80c4547d82b15e43d02bde6f25a78,squoosh,2.0.0,4.1.3,1627353420,121,0,0,0,0,0,0,0,0,0,0,0,0,0
GoogleChromeLabs/squoosh,de4eb9c8f7bcd9b84de99b257b742569a1824911,squoosh,2.0.0,4.1.3,1627356148,121,0,0,0,0,0,0,0,0,0,0,0,0,0
GoogleChromeLabs/squoosh,0ed7ef842f38c81b018186f2642d5a889d889622,squoosh,2.0.0,4.1.3,1627381858,119,0,0,0,0,0,0,0,0,0,0,0,0,0
GoogleChromeLabs/squoosh,d526877147990cf71e4dc4c0ff02797e034f586e,squoosh,2.0.0,4.1.3,1627382884,119,0,0,0,0,0,0,0,0,0,0,0,0,0
GoogleChromeLabs/squoosh,fafcf97f0c76f34401a9f5bb8044a4c112dd224a,squoosh,2.0.0,4.1.3,1628255114,121,0,0,0,0,0,0,0,0,0,0,0,0,0
GoogleChromeLabs/squoosh,a72ca4653162a8662869dd59b8764029760b7c5c,squoosh,2.0.0,4.1.3,1628268557,121,0,0,0,0,0,0,0,0,0,0,0,0,0
GoogleChromeLabs/squoosh,821d14c6abef738e2b1967b7d0c6902d74236ccc,squoosh,2.0.0,4.1.3,1628269366,121,0,0,0,0,0,0,0,0,0,0,0,0,0
GoogleChromeLabs/squoosh,4091f2efec2d794f8ef1bfa0c8710b71c0f5597c,squoosh,2.0.0,4.1.3,1628270414,121,0,0,0,0,0,0,0,0,0,0,0,0,0
GoogleChromeLabs/squoosh,7c9d3d6ba6bfd1cfcb1ca3112ea8e776a4f17654,squoosh,2.0.0,4.1.3,1628595076,119,0,0,0,0,0,0,0,0,0,0,0,0,0
GoogleChromeLabs/squoosh,816d1f92fdd60c4492cf55d75d729db40f64bb0e,squoosh,2.0.0,4.1.3,1628595491,121,0,0,0,0,0,0,0,0,0,0,0,0,0
GoogleChromeLabs/squoosh,f4f97abf9dbe196085c643858306866cdb2730eb,squoosh,2.0.0,4.1.3,1628598492,119,0,0,0,0,0,0,0,0,0,0,0,0,0
GoogleChromeLabs/squoosh,35b8c56f1aef2c6301e29e1648c0edb73cb31623,squoosh,2.0.0,4.1.3,1628890064,121,0,0,0,0,0,0,0,0,0,0,0,0,0
GoogleChromeLabs/squoosh,eeaa19589e9e865ebd7bbc7e15b5d69a2595bf07,squoosh,2.0.0,4.1.3,1628929384,121,0,0,0,0,0,0,0,0,0,0,0,0,0
GoogleChromeLabs/squoosh,1c5b44f9a132a7c93adac60a4c771c102d6c4aae,squoosh,2.0.0,4.1.3,1629147083,121,0,0,0,0,0,0,0,0,0,0,0,0,0
GoogleChromeLabs/squoosh,e5806507d4bbe7b0c60e8bb7cf5247e9c0bca01a,squoosh,2.0.0,4.1.3,1629486674,121,0,0,0,0,0,0,0,0,0,0,0,0,0
GoogleChromeLabs/squoosh,10996cdbcae327cdfdf6a555b09ce52d4cafdac5,squoosh,2.0.0,4.1.3,1629490081,121,0,0,0,0,0,0,0,0,0,0,0,0,0
GoogleChromeLabs/squoosh,30140c2b7a117f555497d3f2dc8d32956f2d0f44,squoosh,2.0.0,4.1.3,1629498929,121,0,0,0,0,0,0,0,0,0,0,0,0,0
GoogleChromeLabs/squoosh,bdb5b1637212202fc9489941ffd358524c138a1c,squoosh,2.0.0,4.1.3,1629498983,121,0,0,0,0,0,0,0,0,0,0,0,0,0
GoogleChromeLabs/squoosh,202d0bc088fa41ab3dae47da9123bceeee831259,squoosh,2.0.0,4.1.3,1629499710,121,0,0,0,0,0,0,0,0,0,0,0,0,0
GoogleChromeLabs/squoosh,14c3d190e9c7c0d324e0ce9c3b6c60ec904cdf3a,squoosh,2.0.0,4.1.3,1629721637,121,0,0,0,0,0,0,0,0,0,0,0,0,0
GoogleChromeLabs/squoosh,b74788e0369e77b14c76967be3f5afaddaa40c08,squoosh,2.0.0,4.1.3,1629813145,121,0,0,0,0,0,0,0,0,0,0,0,0,0
GoogleChromeLabs/squoosh,4e901c714c65987f5969af00e9570e7389503f11,squoosh,2.0.0,4.1.3,1629878902,121,0,0,0,0,0,0,0,0,0,0,0,0,0
GoogleChromeLabs/squoosh,0d35fbd349ecdb36043c36a8d874f0f7e367e425,squoosh,2.0.0,4.1.3,1629879909,121,0,0,0,0,0,0,0,0,0,0,0,0,0
GoogleChromeLabs/squoosh,6e427f9208b5aa82c34afb618643ec40f2c385e6,squoosh,2.0.0,4.1.3,1629897057,121,0,0,0,0,0,0,0,0,0,0,0,0,0
GoogleChromeLabs/squoosh,a5474911460dfb1bad35ab8768f66abcd6f1704d,squoosh,2.0.0,4.1.3,1629984553,121,0,0,0,0,0,0,0,0,0,0,0,0,0
GoogleChromeLabs/squoosh,3ce7bcea5f7e5b1cb3b1d6cde78a16c149cc0a73,squoosh,2.0.0,4.1.3,1629985199,128,0,0,0,0,0,0,0,0,0,0,0,0,0
GoogleChromeLabs/squoosh,db1a5138e69b222cbb5c310a2f2659c3900ebab1,squoosh,2.0.0,4.1.3,1629989982,121,0,0,0,0,0,0,0,0,0,0,0,0,0
GoogleChromeLabs/squoosh,6b08cd2355f0004db02da5c0c942c3d2f51df034,squoosh,2.0.0,4.1.3,1629992660,121,0,0,0,0,0,0,0,0,0,0,0,0,0
GoogleChromeLabs/squoosh,023304803f988ae39b98f95a369bed4f6f000953,squoosh,2.0.0,4.1.3,1630070334,121,0,0,0,0,0,0,0,0,0,0,0,0,0
GoogleChromeLabs/squoosh,92f52319dae6539307fd071d27c1d8fa8b9d9212,squoosh,2.0.0,4.1.3,1630394301,121,0,0,0,0,0,0,0,0,0,0,0,0,0
GoogleChromeLabs/squoosh,00cfdafdf3969370c42ee7e5c19ca4fd3251cac4,squoosh,2.0.0,4.1.3,1630413268,121,0,0,0,0,0,0,0,0,0,0,0,0,0
GoogleChromeLabs/squoosh,3ea0d88c4f2df487a1906225975db2450d3998d0,squoosh,2.0.0,4.1.3,1630614997,121,0,0,0,0,0,0,0,0,0,0,0,0,0
GoogleChromeLabs/squoosh,c21d3714a82ed077c299c2caac26dd82e84ca837,squoosh,2.0.0,4.1.3,1630615102,121,0,0,0,0,0,0,0,0,0,0,0,0,0
GoogleChromeLabs/squoosh,27f103fee5ccd5e35de792b49ccd486880630cbf,squoosh,2.0.0,4.1.3,1630659232,121,0,0,0,0,0,0,0,0,0,0,0,0,0
GoogleChromeLabs/squoosh,68ce8f420d1a0b475ff235ec300bd9b8128884e3,squoosh,2.0.0,4.1.3,1630670048,121,0,0,0,0,0,0,0,0,0,0,0,0,0
GoogleChromeLabs/squoosh,c4bc369c6b6479667b1b75f32ec6b4347df62c12,squoosh,2.0.0,4.1.3,1630670608,121,0,0,0,0,0,0,0,0,0,0,0,0,0
GoogleChromeLabs/squoosh,0bef05bcd44db9aa37826e2c32bc6ae8da7d0030,squoosh,2.0.0,4.1.3,1630936848,121,0,0,0,0,0,0,0,0,0,0,0,0,0
GoogleChromeLabs/squoosh,255dfa434a1851503b9814a6848ea3aa9e17df5b,squoosh,2.0.0,4.1.3,1631022199,121,0,0,0,0,0,0,0,0,0,0,0,0,0
GoogleChromeLabs/squoosh,4e04053e4cbd1eba7cbe15d535f502bb58b69b4d,squoosh,2.0.0,4.1.3,1631039196,122,0,0,0,0,0,0,0,0,0,0,0,0,0
GoogleChromeLabs/squoosh,2718077d3d0b0702093a98445fe33067435dcef2,squoosh,2.0.0,4.1.3,1631119681,121,0,0,0,0,0,0,0,0,0,0,0,0,0
GoogleChromeLabs/squoosh,1ab9e8b3abc808e076d83c58ee65c31c6de911b1,squoosh,2.0.0,4.1.3,1631120266,121,0,0,0,0,0,0,0,0,0,0,0,0,0
GoogleChromeLabs/squoosh,bdfdaf53afed5999b01998effc8bcd6267e34e61,squoosh,2.0.0,4.1.3,1631135086,121,0,0,0,0,0,0,0,0,0,0,0,0,0
GoogleChromeLabs/squoosh,87f25d909b4b5e621e82348028769c03a6841d6b,squoosh,2.0.0,4.1.3,1631135090,121,0,0,0,0,0,0,0,0,0,0,0,0,0
GoogleChromeLabs/squoosh,64cad1cc23d2922e58e087a46ad53b12f79a097e,squoosh,2.0.0,4.1.3,1631136653,121,0,0,0,0,0,0,0,0,0,0,0,0,0
GoogleChromeLabs/squoosh,6bfce29af61fad344a56d74b862a24fc8cec18ce,squoosh,2.0.0,4.1.3,1631275701,121,0,0,0,0,0,0,0,0,0,0,0,0,0
GoogleChromeLabs/squoosh,914cdea41db9a6e844d7f38c06445b43bcf22df0,squoosh,2.0.0,4.1.3,1631277920,121,0,0,0,0,0,0,0,0,0,0,0,0,0
GoogleChromeLabs/squoosh,95a1b35c917f964d0419e8105954c09ab22e4aaf,squoosh,2.0.0,4.1.3,1631279894,121,0,0,0,0,0,0,0,0,0,0,0,0,0
GoogleChromeLabs/squoosh,8ea8d05706493dffb201371e6ecca1879a103783,squoosh,2.0.0,4.1.3,1631701922,121,0,0,0,0,0,0,0,0,0,0,0,0,0
GoogleChromeLabs/squoosh,b2465ebe48534626b8a69bc73d8a35775e03dfb4,squoosh,2.0.0,4.1.3,1631701959,122,0,0,0,0,0,0,0,0,0,0,0,0,0
GoogleChromeLabs/squoosh,58d467fbba3f12663792987fb5a3cfb6041e0830,squoosh,2.0.0,4.1.3,1631702103,122,0,0,0,0,0,0,0,0,0,0,0,0,0
GoogleChromeLabs/squoosh,9663c23489b53cbcd5c55c45d06cfd668b92b970,squoosh,2.0.0,4.1.3,1631883029,121,0,0,0,0,0,0,0,0,0,0,0,0,0
GoogleChromeLabs/squoosh,cad09160b6f45ac7ca59c28669c349c5b679def3,squoosh,2.0.0,4.1.3,1632142193,121,0,0,0,0,0,0,0,0,0,0,0,0,0
GoogleChromeLabs/squoosh,853a26ba269f9eaad24ace0b5820fa33f3af7f4d,squoosh,2.0.0,4.1.3,1632318389,121,0,0,0,0,0,0,0,0,0,0,0,0,0
GoogleChromeLabs/squoosh,ffe8cd35622a9e36753fe23e2de85fd3aeceed7d,squoosh,2.0.0,4.1.3,1632319484,121,0,0,0,0,0,0,0,0,0,0,0,0,0
GoogleChromeLabs/squoosh,e3f840c6dafc7632011d465dd116c72aba6bc612,squoosh,2.0.0,4.1.3,1634295133,121,0,0,0,0,0,0,0,0,0,0,0,0,0
GoogleChromeLabs/squoosh,f523a07f011c58ee2f93f241df0e803c06192f5a,squoosh,2.0.0,4.4.4,1634726187,121,0,0,0,0,0,0,0,0,0,0,0,0,0
GoogleChromeLabs/squoosh,e23bc4d2e5ea43aa9e6725abeee5f6d12a333b3d,squoosh,2.0.0,4.1.3,1634729325,121,0,0,0,0,0,0,0,0,0,0,0,0,0
GoogleChromeLabs/squoosh,129b92509884b2f419465f95323c6d533bbb4ec7,squoosh,2.0.0,4.1.3,1634730252,121,0,0,0,0,0,0,0,0,0,0,0,0,0
GoogleChromeLabs/squoosh,fba67a7a18717b6c55306b035b87465541258680,squoosh,2.0.0,4.1.3,1634730421,121,0,0,0,0,0,0,0,0,0,0,0,0,0
GoogleChromeLabs/squoosh,d9c6ebe0a24a5d2e46acb494054b65187420420c,squoosh,2.0.0,4.1.3,1634730539,121,0,0,0,0,0,0,0,0,0,0,0,0,0
GoogleChromeLabs/squoosh,5ecb99992ccf8507a4c84d93fb6356b60dcddb7a,squoosh,2.0.0,4.1.3,1634732132,121,0,0,0,0,0,0,0,0,0,0,0,0,0
GoogleChromeLabs/squoosh,dd49a1f23dad3f4c7c9e4dfcd1e13da9f72b1d3a,squoosh,2.0.0,4.4.4,1634732139,121,0,0,0,0,0,0,0,0,0,0,0,0,0
GoogleChromeLabs/squoosh,4eba0150094fa73a74feaed83abf5778aadc9035,squoosh,2.0.0,4.4.4,1634732754,121,0,0,0,0,0,0,0,0,0,0,0,0,0
GoogleChromeLabs/squoosh,e6810059efb953001cafd00d1e2accce8ac212ef,squoosh,2.0.0,4.1.3,1634738194,121,0,0,0,0,0,0,0,0,0,0,0,0,0
GoogleChromeLabs/squoosh,029eda7b376f727e5020adfeb9e413e5417ad291,squoosh,2.0.0,4.4.4,1634740608,121,0,0,0,0,0,0,0,0,0,0,0,0,0
GoogleChromeLabs/squoosh,66ec7636675707e34e7991435b3a2df970d9ae62,squoosh,2.0.0,4.4.4,1634740970,121,0,0,0,0,0,0,0,0,0,0,0,0,0
GoogleChromeLabs/squoosh,c484750779ac9c34d4865e8c95d9607a1f5954a1,squoosh,2.0.0,4.4.4,1639562959,122,0,0,0,0,0,0,0,0,0,0,0,0,0
GoogleChromeLabs/squoosh,e673c9c772fe011ce25d018abc442c800231af40,squoosh,2.0.0,4.4.4,1639578583,121,0,0,0,0,0,0,0,0,0,0,0,0,0
GoogleChromeLabs/squoosh,dd2b2c361f11b230e676d5e798ee7f94f0d39ea6,squoosh,2.0.0,4.4.4,1639579108,121,0,0,0,0,0,0,0,0,0,0,0,0,0
GoogleChromeLabs/squoosh,8a860f285c0564b19b1a32da9380348fc0673e76,squoosh,2.0.0,4.4.4,1639579147,121,0,0,0,0,0,0,0,0,0,0,0,0,0
GoogleChromeLabs/squoosh,8aeea1dc04566d35bdca9d574c975f99fed0d51e,squoosh,2.0.0,4.4.4,1640248144,121,0,0,0,0,0,0,0,0,0,0,0,0,0
GoogleChromeLabs/squoosh,87eae143eff693d7ba8fc61af1bdeb1fed888072,squoosh,2.0.0,4.4.4,1641828996,121,0,0,0,0,0,0,0,0,0,0,0,0,0
GoogleChromeLabs/squoosh,18b53e2b8aa555e83bcee22f0a92919a73695a43,squoosh,2.0.0,4.4.4,1642768947,121,0,0,0,0,0,0,0,0,0,0,0,0,0
GoogleChromeLabs/squoosh,65ea02627be800672a17d5044d6fb16862de1220,squoosh,2.0.0,4.4.4,1645028382,121,0,0,0,0,0,0,0,0,0,0,0,0,0
GoogleChromeLabs/squoosh,2238d1abaf89d662a87cce9f9724a77c761a3d97,squoosh,2.0.0,4.4.4,1645028613,121,0,0,0,0,0,0,0,0,0,0,0,0,0
GoogleChromeLabs/squoosh,c24505230d85404104d3d843cacb372cbed2a6da,squoosh,2.0.0,4.4.4,1645198591,121,0,0,0,0,0,0,0,0,0,0,0,0,0
GoogleChromeLabs/squoosh,94157a3ef344c2f27bf3c0c66f4d195ae3b9cb0a,squoosh,2.0.0,4.4.4,1645447216,121,0,0,0,0,0,0,0,0,0,0,0,0,0
GoogleChromeLabs/squoosh,4d67ec5a7b5a77d04586806eba55fb57f604b2ad,squoosh,2.0.0,4.4.4,1660549116,121,0,0,0,0,0,0,0,0,0,0,0,0,0
GoogleChromeLabs/squoosh,1c4233b5ae4c610b8684e5c2e01add2bb9150a88,squoosh,2.0.0,4.4.4,1660823051,121,0,0,0,0,0,0,0,0,0,0,0,0,0
GoogleChromeLabs/squoosh,7a2fc917c10418cda0e8383b93ed402d3626337b,squoosh,2.0.0,4.4.4,1660823110,121,0,0,0,0,0,0,0,0,0,0,0,0,0
GoogleChromeLabs/squoosh,a1c3304c5698c926c943ef94a0e3ba849fd42dc7,squoosh,2.0.0,4.4.4,1662018643,121,0,0,0,0,0,0,0,0,0,0,0,0,0
GoogleChromeLabs/squoosh,97d13de273b67ee01a80cb32161f1bb2103b73cb,squoosh,2.0.0,4.4.4,1663467730,121,0,0,0,0,0,0,0,0,0,0,0,0,0
GoogleChromeLabs/squoosh,42594277fd3d1f31b60103eb05cc8df62a82fb86,squoosh,2.0.0,4.4.4,1671116211,119,0,0,0,0,0,0,0,0,0,0,0,0,0
